,Id,MSSubClass,MSZoning,LotFrontage,LotArea,Street,Alley,LotShape,LandContour,Utilities,LotConfig,LandSlope,Neighborhood,Condition1,Condition2,BldgType,HouseStyle,OverallQual,OverallCond,YearBuilt,YearRemodAdd,RoofStyle,RoofMatl,Exterior1st,Exterior2nd,MasVnrType,MasVnrArea,ExterQual,ExterCond,Foundation,BsmtQual,BsmtCond,BsmtExposure,BsmtFinType1,BsmtFinSF1,BsmtFinType2,BsmtFinSF2,BsmtUnfSF,TotalBsmtSF,Heating,HeatingQC,CentralAir,Electrical,1stFlrSF,2ndFlrSF,LowQualFinSF,GrLivArea,BsmtFullBath,BsmtHalfBath,FullBath,HalfBath,BedroomAbvGr,KitchenAbvGr,KitchenQual,TotRmsAbvGrd,Functional,Fireplaces,FireplaceQu,GarageType,GarageYrBlt,GarageFinish,GarageCars,GarageArea,GarageQual,GarageCond,PavedDrive,WoodDeckSF,OpenPorchSF,EnclosedPorch,3SsnPorch,ScreenPorch,PoolArea,PoolQC,Fence,MiscFeature,MiscVal,MoSold,YrSold,SaleType,SaleCondition,predicted_column
0,1461,20,RH,80.0,11622,Pave,,Reg,Lvl,AllPub,Inside,Gtl,NAmes,Feedr,Norm,1Fam,1Story,5,6,1961,1961,Gable,CompShg,VinylSd,VinylSd,,0.0,TA,TA,CBlock,TA,TA,No,Rec,468.0,LwQ,144.0,270.0,882.0,GasA,TA,Y,SBrkr,896,0,0,896,0.0,0.0,1,0,2,1,TA,5,Typ,0,,Attchd,1961.0,Unf,1.0,730.0,TA,TA,Y,140,0,0,0,120,0,,MnPrv,,0,6,2010,WD,Normal,129940.1
1,1462,20,RL,81.0,14267,Pave,,IR1,Lvl,AllPub,Corner,Gtl,NAmes,Norm,Norm,1Fam,1Story,6,6,1958,1958,Hip,CompShg,Wd Sdng,Wd Sdng,BrkFace,108.0,TA,TA,CBlock,TA,TA,No,ALQ,923.0,Unf,0.0,406.0,1329.0,GasA,TA,Y,SBrkr,1329,0,0,1329,0.0,0.0,1,1,3,1,Gd,6,Typ,0,,Attchd,1958.0,Unf,1.0,312.0,TA,TA,Y,393,36,0,0,0,0,,,Gar2,12500,6,2010,WD,Normal,153409.625
2,1463,60,RL,74.0,13830,Pave,,IR1,Lvl,AllPub,Inside,Gtl,Gilbert,Norm,Norm,1Fam,2Story,5,5,1997,1998,Gable,CompShg,VinylSd,VinylSd,,0.0,TA,TA,PConc,Gd,TA,No,GLQ,791.0,Unf,0.0,137.0,928.0,GasA,Gd,Y,SBrkr,928,701,0,1629,0.0,0.0,2,1,3,1,TA,6,Typ,1,TA,Attchd,1997.0,Fin,2.0,482.0,TA,TA,Y,212,34,0,0,0,0,,MnPrv,,0,3,2010,WD,Normal,183345.225
3,1464,60,RL,78.0,9978,Pave,,IR1,Lvl,AllPub,Inside,Gtl,Gilbert,Norm,Norm,1Fam,2Story,6,6,1998,1998,Gable,CompShg,VinylSd,VinylSd,BrkFace,20.0,TA,TA,PConc,TA,TA,No,GLQ,602.0,Unf,0.0,324.0,926.0,GasA,Ex,Y,SBrkr,926,678,0,1604,0.0,0.0,2,1,3,1,Gd,7,Typ,1,Gd,Attchd,1998.0,Fin,2.0,470.0,TA,TA,Y,360,36,0,0,0,0,,,,0,6,2010,WD,Normal,198430.28
4,1465,120,RL,43.0,5005,Pave,,IR1,HLS,AllPub,Inside,Gtl,StoneBr,Norm,Norm,TwnhsE,1Story,8,5,1992,1992,Gable,CompShg,HdBoard,HdBoard,,0.0,Gd,TA,PConc,Gd,TA,No,ALQ,263.0,Unf,0.0,1017.0,1280.0,GasA,Ex,Y,SBrkr,1280,0,0,1280,0.0,0.0,2,0,2,1,Gd,5,Typ,0,,Attchd,1992.0,RFn,2.0,506.0,TA,TA,Y,0,82,0,0,144,0,,,,0,1,2010,WD,Normal,198634.005
5,1466,60,RL,75.0,10000,Pave,,IR1,Lvl,AllPub,Corner,Gtl,Gilbert,Norm,Norm,1Fam,2Story,6,5,1993,1994,Gable,CompShg,HdBoard,HdBoard,,0.0,TA,TA,PConc,Gd,TA,No,Unf,0.0,Unf,0.0,763.0,763.0,GasA,Gd,Y,SBrkr,763,892,0,1655,0.0,0.0,2,1,3,1,TA,7,Typ,1,TA,Attchd,1993.0,Fin,2.0,440.0,TA,TA,Y,157,84,0,0,0,0,,,,0,4,2010,WD,Normal,183720.61
6,1467,20,RL,,7980,Pave,,IR1,Lvl,AllPub,Inside,Gtl,Gilbert,Norm,Norm,1Fam,1Story,6,7,1992,2007,Gable,CompShg,HdBoard,HdBoard,,0.0,TA,Gd,PConc,Gd,TA,No,ALQ,935.0,Unf,0.0,233.0,1168.0,GasA,Ex,Y,SBrkr,1187,0,0,1187,1.0,0.0,2,0,3,1,TA,6,Typ,0,,Attchd,1992.0,Fin,2.0,420.0,TA,TA,Y,483,21,0,0,0,0,,GdPrv,Shed,500,3,2010,WD,Normal,174364.535
7,1468,60,RL,63.0,8402,Pave,,IR1,Lvl,AllPub,Inside,Gtl,Gilbert,Norm,Norm,1Fam,2Story,6,5,1998,1998,Gable,CompShg,VinylSd,VinylSd,,0.0,TA,TA,PConc,Gd,TA,No,Unf,0.0,Unf,0.0,789.0,789.0,GasA,Gd,Y,SBrkr,789,676,0,1465,0.0,0.0,2,1,3,1,TA,7,Typ,1,Gd,Attchd,1998.0,Fin,2.0,393.0,TA,TA,Y,0,75,0,0,0,0,,,,0,5,2010,WD,Normal,178246.89
8,1469,20,RL,85.0,10176,Pave,,Reg,Lvl,AllPub,Inside,Gtl,Gilbert,Norm,Norm,1Fam,1Story,7,5,1990,1990,Gable,CompShg,HdBoard,HdBoard,,0.0,TA,TA,PConc,Gd,TA,Gd,GLQ,637.0,Unf,0.0,663.0,1300.0,GasA,Gd,Y,SBrkr,1341,0,0,1341,1.0,0.0,1,1,2,1,Gd,5,Typ,1,Po,Attchd,1990.0,Unf,2.0,506.0,TA,TA,Y,192,0,0,0,0,0,,,,0,2,2010,WD,Normal,183371.785
9,1470,20,RL,70.0,8400,Pave,,Reg,Lvl,AllPub,Corner,Gtl,NAmes,Norm,Norm,1Fam,1Story,4,5,1970,1970,Gable,CompShg,Plywood,Plywood,,0.0,TA,TA,CBlock,TA,TA,No,ALQ,804.0,Rec,78.0,0.0,882.0,GasA,TA,Y,SBrkr,882,0,0,882,1.0,0.0,1,0,2,1,TA,4,Typ,0,,Attchd,1970.0,Fin,2.0,525.0,TA,TA,Y,240,0,0,0,0,0,,MnPrv,,0,4,2010,WD,Normal,129998.0
10,1471,120,RH,26.0,5858,Pave,,IR1,Lvl,AllPub,FR2,Gtl,NAmes,Norm,Norm,TwnhsE,1Story,7,5,1999,1999,Gable,CompShg,MetalSd,MetalSd,,0.0,Gd,TA,PConc,Gd,TA,No,GLQ,1051.0,BLQ,0.0,354.0,1405.0,GasA,Ex,Y,SBrkr,1337,0,0,1337,1.0,0.0,2,0,2,1,Gd,5,Typ,1,Fa,Attchd,1999.0,Fin,2.0,511.0,TA,TA,Y,203,68,0,0,0,0,,,,0,6,2010,WD,Normal,207658.585
11,1472,160,RM,21.0,1680,Pave,,Reg,Lvl,AllPub,Inside,Gtl,BrDale,Norm,Norm,Twnhs,2Story,6,5,1971,1971,Gable,CompShg,HdBoard,HdBoard,BrkFace,504.0,TA,TA,CBlock,TA,TA,No,Rec,156.0,Unf,0.0,327.0,483.0,GasA,TA,Y,SBrkr,483,504,0,987,0.0,0.0,1,1,2,1,TA,5,Typ,0,,Detchd,1971.0,Unf,1.0,264.0,TA,TA,Y,275,0,0,0,0,0,,,,0,2,2010,COD,Normal,97151.0
12,1473,160,RM,21.0,1680,Pave,,Reg,Lvl,AllPub,Inside,Gtl,BrDale,Norm,Norm,Twnhs,2Story,5,5,1971,1971,Gable,CompShg,HdBoard,HdBoard,BrkFace,492.0,TA,TA,CBlock,TA,TA,No,Rec,300.0,Unf,0.0,225.0,525.0,GasA,TA,Y,SBrkr,525,567,0,1092,0.0,0.0,1,1,3,1,TA,6,Typ,0,,Detchd,1997.0,Unf,1.0,320.0,TA,TA,Y,0,0,0,0,0,0,,,,0,3,2010,WD,Normal,103932.935
13,1474,160,RL,24.0,2280,Pave,,Reg,Lvl,AllPub,FR2,Gtl,NPkVill,Norm,Norm,Twnhs,2Story,6,6,1975,1975,Gable,CompShg,Plywood,Brk Cmn,,0.0,TA,TA,CBlock,TA,TA,No,ALQ,514.0,Unf,0.0,341.0,855.0,GasA,TA,Y,SBrkr,855,601,0,1456,0.0,0.0,2,1,3,1,Gd,6,Typ,1,TA,Attchd,1975.0,Unf,2.0,440.0,TA,TA,Y,173,0,0,0,0,0,,,,0,6,2010,WD,Normal,151661.3
14,1475,120,RL,24.0,2280,Pave,,Reg,Lvl,AllPub,FR2,Gtl,NPkVill,Norm,Norm,Twnhs,1Story,7,6,1975,1975,Gable,CompShg,Plywood,Brk Cmn,,0.0,TA,TA,CBlock,Gd,TA,No,Unf,0.0,Unf,0.0,836.0,836.0,GasA,Ex,Y,SBrkr,836,0,0,836,0.0,0.0,1,0,2,1,TA,4,Typ,0,,Attchd,1975.0,Unf,1.0,308.0,TA,TA,Y,0,30,0,0,0,0,,,,0,6,2010,WD,Normal,125065.51
15,1476,60,RL,102.0,12858,Pave,,IR1,Lvl,AllPub,Inside,Gtl,NridgHt,Norm,Norm,1Fam,2Story,9,5,2009,2010,Gable,CompShg,VinylSd,VinylSd,Stone,162.0,Ex,TA,PConc,Ex,TA,No,Unf,0.0,Unf,0.0,1590.0,1590.0,GasA,Ex,Y,SBrkr,1627,707,0,2334,0.0,0.0,2,1,3,1,Ex,10,Typ,1,Gd,Attchd,2009.0,Fin,3.0,751.0,TA,TA,Y,144,133,0,0,0,0,,,,0,1,2010,New,Partial,359063.915
16,1477,20,RL,94.0,12883,Pave,,IR1,Lvl,AllPub,Corner,Gtl,NridgHt,Norm,Norm,1Fam,1Story,8,5,2009,2010,Gable,CompShg,VinylSd,VinylSd,Stone,256.0,Gd,TA,PConc,Gd,TA,No,Unf,0.0,Unf,0.0,1544.0,1544.0,GasA,Ex,Y,SBrkr,1544,0,0,1544,0.0,0.0,2,0,3,1,Gd,7,Typ,0,,Attchd,2009.0,RFn,3.0,868.0,TA,TA,Y,0,35,0,0,0,0,,,,0,6,2010,New,Partial,251739.055
17,1478,20,RL,90.0,11520,Pave,,Reg,Lvl,AllPub,Inside,Gtl,NridgHt,PosN,Norm,1Fam,1Story,9,5,2005,2005,Hip,CompShg,VinylSd,VinylSd,BrkFace,615.0,Gd,TA,PConc,Ex,TA,No,GLQ,110.0,Unf,0.0,1588.0,1698.0,GasA,Ex,Y,SBrkr,1698,0,0,1698,0.0,0.0,2,0,3,1,Ex,7,Typ,1,Gd,Attchd,2005.0,Fin,3.0,730.0,TA,TA,Y,192,74,0,0,0,0,,,,0,6,2010,WD,Normal,304081.075
18,1479,20,RL,79.0,14122,Pave,,IR1,Lvl,AllPub,Inside,Gtl,NridgHt,Norm,Norm,1Fam,1Story,8,5,2005,2006,Hip,CompShg,CemntBd,CmentBd,BrkFace,240.0,Gd,TA,PConc,Ex,TA,No,GLQ,28.0,Unf,0.0,1794.0,1822.0,GasA,Ex,Y,SBrkr,1822,0,0,1822,0.0,0.0,2,0,3,1,Ex,8,Typ,1,Gd,Attchd,2005.0,RFn,3.0,678.0,TA,TA,Y,0,119,0,0,0,0,,,,0,2,2010,WD,Normal,300713.99
19,1480,20,RL,110.0,14300,Pave,,Reg,HLS,AllPub,Inside,Mod,NridgHt,Norm,Norm,1Fam,1Story,9,5,2003,2004,Hip,CompShg,VinylSd,VinylSd,BrkFace,1095.0,Ex,TA,PConc,Ex,TA,Gd,GLQ,1373.0,Unf,0.0,1473.0,2846.0,GasA,Ex,Y,SBrkr,2696,0,0,2696,1.0,0.0,2,1,3,1,Ex,10,Typ,2,Gd,Attchd,2003.0,Fin,3.0,958.0,TA,TA,Y,220,150,0,0,0,0,,,,0,6,2010,WD,Normal,413937.815
20,1481,60,RL,105.0,13650,Pave,,Reg,Lvl,AllPub,Corner,Gtl,NridgHt,Norm,Norm,1Fam,2Story,8,5,2002,2002,Gable,CompShg,VinylSd,VinylSd,BrkFace,232.0,Gd,TA,PConc,Gd,TA,Gd,GLQ,578.0,Unf,0.0,1093.0,1671.0,GasA,Ex,Y,SBrkr,1687,563,0,2250,1.0,0.0,2,1,3,1,Gd,7,Typ,1,Ex,Attchd,2002.0,Fin,3.0,756.0,TA,TA,Y,238,130,0,0,0,0,,,,0,6,2010,WD,Normal,298207.17
21,1482,120,RL,41.0,7132,Pave,,IR1,Lvl,AllPub,Inside,Gtl,NridgHt,Norm,Norm,TwnhsE,1Story,8,5,2006,2006,Gable,CompShg,VinylSd,VinylSd,Stone,178.0,Gd,TA,PConc,Gd,TA,Mn,GLQ,24.0,Unf,0.0,1346.0,1370.0,GasA,Ex,Y,SBrkr,1370,0,0,1370,0.0,0.0,2,0,2,1,Gd,6,Typ,1,Gd,Attchd,2006.0,RFn,2.0,484.0,TA,TA,Y,120,49,0,0,0,0,,,,0,4,2010,WD,Normal,207744.96
22,1483,20,RL,100.0,18494,Pave,,IR1,Lvl,AllPub,Corner,Gtl,Gilbert,Norm,Norm,1Fam,1Story,6,5,2005,2005,Gable,CompShg,VinylSd,VinylSd,,0.0,Gd,TA,PConc,Gd,TA,No,Unf,0.0,Unf,0.0,1324.0,1324.0,GasA,Ex,Y,SBrkr,1324,0,0,1324,0.0,0.0,2,0,3,1,Gd,6,Typ,0,,Attchd,2005.0,Fin,2.0,430.0,TA,TA,Y,36,23,0,0,0,0,,,,0,1,2010,WD,Normal,189279.63
23,1484,120,RL,43.0,3203,Pave,,Reg,Lvl,AllPub,Inside,Gtl,Blmngtn,Norm,Norm,TwnhsE,1Story,7,5,2006,2006,Gable,CompShg,VinylSd,VinylSd,BrkFace,14.0,Gd,TA,PConc,Gd,TA,Av,GLQ,16.0,Unf,0.0,1129.0,1145.0,GasA,Ex,Y,SBrkr,1145,0,0,1145,0.0,0.0,2,0,2,1,Gd,6,Typ,0,,Attchd,2006.0,Fin,2.0,437.0,TA,TA,Y,100,116,0,0,0,0,,,,0,1,2010,WD,Normal,174776.935
24,1485,80,RL,67.0,13300,Pave,,IR1,Lvl,AllPub,Inside,Gtl,Gilbert,Norm,Norm,1Fam,SLvl,7,5,2004,2004,Gable,CompShg,VinylSd,VinylSd,,0.0,Gd,TA,PConc,Gd,TA,No,GLQ,326.0,Unf,0.0,58.0,384.0,GasA,Ex,Y,SBrkr,744,630,0,1374,1.0,0.0,2,1,3,1,Gd,7,Typ,1,Gd,BuiltIn,2004.0,Fin,2.0,400.0,TA,TA,Y,100,0,0,0,0,0,,,,0,6,2010,WD,Normal,186690.935
25,1486,60,RL,63.0,8577,Pave,,IR1,Lvl,AllPub,Inside,Gtl,Gilbert,Norm,Norm,1Fam,2Story,7,5,2004,2004,Gable,CompShg,VinylSd,VinylSd,,0.0,Gd,TA,PConc,Gd,TA,No,Unf,0.0,Unf,0.0,847.0,847.0,GasA,Ex,Y,SBrkr,847,886,0,1733,0.0,0.0,2,1,3,1,Gd,7,Typ,1,Gd,BuiltIn,2004.0,Fin,2.0,433.0,TA,TA,Y,144,48,0,0,0,0,,,,0,4,2010,WD,Normal,201468.745
26,1487,60,RL,60.0,17433,Pave,,IR2,Lvl,AllPub,CulDSac,Gtl,NoRidge,Norm,Norm,1Fam,2Story,8,5,1998,1998,Hip,CompShg,VinylSd,VinylSd,BrkFace,114.0,Gd,TA,PConc,Ex,TA,No,Unf,0.0,Unf,0.0,1629.0,1629.0,GasA,Ex,Y,SBrkr,1645,830,0,2475,0.0,0.0,2,1,4,1,Gd,7,Typ,1,TA,Attchd,1998.0,Fin,3.0,962.0,TA,TA,Y,23,172,0,0,256,0,,,,0,1,2010,WD,Normal,308139.635
27,1488,20,RL,73.0,8987,Pave,,Reg,Lvl,AllPub,Inside,Gtl,Somerst,Norm,Norm,1Fam,1Story,8,5,2005,2006,Gable,CompShg,VinylSd,VinylSd,BrkFace,226.0,Gd,TA,PConc,Gd,TA,,Unf,0.0,Unf,0.0,1595.0,1595.0,GasA,Ex,Y,SBrkr,1595,0,0,1595,0.0,0.0,2,0,2,1,Gd,6,Typ,1,Gd,Attchd,2005.0,RFn,3.0,880.0,TA,TA,Y,144,0,0,0,0,0,,,,0,5,2010,WD,Normal,235526.435
28,1489,20,FV,92.0,9215,Pave,,Reg,Lvl,AllPub,Inside,Gtl,Somerst,Norm,Norm,1Fam,1Story,7,5,2009,2010,Hip,CompShg,VinylSd,VinylSd,,0.0,Gd,TA,PConc,Gd,TA,No,Unf,0.0,Unf,0.0,1218.0,1218.0,GasA,Ex,Y,SBrkr,1218,0,0,1218,0.0,0.0,2,0,2,1,Gd,4,Typ,0,,Attchd,2009.0,RFn,2.0,676.0,TA,TA,Y,0,136,0,0,0,0,,,,0,4,2010,New,Partial,213210.21
29,1490,20,FV,84.0,10440,Pave,,Reg,Lvl,AllPub,Corner,Gtl,Somerst,Norm,Norm,1Fam,1Story,6,5,2005,2005,Gable,CompShg,VinylSd,VinylSd,,0.0,Gd,TA,PConc,Ex,TA,No,GLQ,1414.0,Unf,0.0,54.0,1468.0,GasA,Ex,Y,SBrkr,1468,0,0,1468,1.0,0.0,2,0,2,1,Gd,6,Typ,1,Gd,Attchd,2005.0,Fin,2.0,528.0,TA,TA,Y,0,102,0,0,216,0,,,,0,5,2010,WD,Normal,228163.34
30,1491,60,RL,70.0,11920,Pave,,Reg,Lvl,AllPub,Inside,Gtl,SawyerW,Norm,Norm,1Fam,2Story,7,5,2004,2004,Gable,CompShg,VinylSd,VinylSd,BrkFace,122.0,Gd,TA,PConc,Gd,TA,Av,Unf,0.0,Unf,0.0,831.0,831.0,GasA,Ex,Y,SBrkr,831,828,0,1659,0.0,0.0,2,1,3,1,Gd,8,Typ,0,,Attchd,2004.0,RFn,2.0,484.0,TA,TA,Y,144,68,0,0,0,0,,,,0,4,2010,WD,Normal,198260.625
31,1492,30,RH,70.0,9800,Pave,,Reg,Lvl,AllPub,Corner,Gtl,SawyerW,Feedr,Norm,1Fam,1Story,5,5,1920,1950,Gable,CompShg,Wd Sdng,Wd Sdng,,0.0,TA,Fa,BrkTil,TA,TA,No,Unf,0.0,Unf,0.0,816.0,816.0,GasA,TA,N,FuseA,1012,0,0,1012,0.0,0.0,1,0,2,1,TA,5,Typ,0,,Detchd,1920.0,Unf,1.0,429.0,TA,TA,Y,121,0,80,0,0,0,,,,0,4,2010,WD,Normal,102366.195
32,1493,20,RL,39.0,15410,Pave,,IR1,Lvl,AllPub,CulDSac,Gtl,Sawyer,RRNe,Norm,1Fam,1Story,6,6,1974,2002,Hip,CompShg,Plywood,Plywood,BrkCmn,250.0,TA,Gd,CBlock,TA,TA,Gd,BLQ,126.0,GLQ,859.0,223.0,1208.0,GasA,Ex,Y,SBrkr,1494,0,0,1494,1.0,0.0,2,0,3,1,TA,7,Typ,2,Fa,Attchd,1974.0,Fin,2.0,461.0,TA,TA,Y,296,0,186,0,0,0,,GdPrv,,0,4,2010,WD,Abnorml,177102.355
33,1494,60,RL,85.0,13143,Pave,,IR1,Lvl,AllPub,Inside,Gtl,NoRidge,Norm,Norm,1Fam,2Story,8,5,1993,1993,Gable,CompShg,HdBoard,ImStucc,BrkFace,504.0,Gd,TA,PConc,Gd,TA,No,LwQ,250.0,GLQ,981.0,0.0,1231.0,GasA,Ex,Y,SBrkr,1251,1098,0,2349,1.0,0.0,2,1,4,1,Gd,9,Typ,1,TA,Attchd,1993.0,RFn,3.0,762.0,TA,TA,Y,32,130,0,0,0,0,,,,0,6,2010,WD,Normal,288926.185
34,1495,60,RL,88.0,11134,Pave,,Reg,Lvl,AllPub,Inside,Gtl,NoRidge,Norm,Norm,1Fam,2Story,8,5,1992,1993,Gable,CompShg,HdBoard,HdBoard,BrkFace,180.0,Gd,TA,PConc,Gd,TA,No,GLQ,1129.0,Unf,0.0,261.0,1390.0,GasA,Ex,Y,SBrkr,1402,823,0,2225,1.0,0.0,2,1,4,1,Gd,7,Typ,1,TA,Attchd,1992.0,RFn,3.0,713.0,TA,TA,Y,198,30,0,0,0,0,,,,0,6,2010,WD,Normal,271537.18
35,1496,120,FV,25.0,4835,Pave,,IR1,Lvl,AllPub,CulDSac,Gtl,Somerst,Norm,Norm,TwnhsE,1Story,7,5,2004,2005,Gable,CompShg,MetalSd,MetalSd,,0.0,Gd,TA,PConc,Ex,TA,Av,GLQ,1298.0,Unf,0.0,190.0,1488.0,GasA,Ex,Y,SBrkr,1488,0,0,1488,1.0,0.0,2,0,2,1,Gd,6,Typ,1,Gd,Attchd,2004.0,Fin,2.0,506.0,TA,TA,Y,168,50,0,0,0,0,,,,0,3,2010,WD,Normal,242726.97
36,1497,160,FV,39.0,3515,Pave,Pave,Reg,Lvl,AllPub,Inside,Gtl,Somerst,Norm,Norm,TwnhsE,2Story,7,5,2004,2004,Gable,CompShg,VinylSd,VinylSd,,0.0,Gd,TA,PConc,Gd,TA,No,Unf,0.0,Unf,0.0,840.0,840.0,GasA,Ex,Y,SBrkr,840,840,0,1680,0.0,0.0,2,1,2,1,Gd,3,Typ,0,,Attchd,2004.0,RFn,2.0,588.0,TA,TA,Y,0,111,0,0,0,0,,,,0,1,2010,WD,Normal,181334.23
37,1498,160,FV,30.0,3215,Pave,Pave,Reg,Lvl,AllPub,Inside,Gtl,Somerst,Norm,Norm,TwnhsE,2Story,7,5,2004,2004,Gable,CompShg,MetalSd,MetalSd,BrkFace,120.0,Gd,TA,PConc,Gd,TA,Av,GLQ,280.0,Unf,0.0,320.0,600.0,GasA,Ex,Y,SBrkr,600,600,0,1200,0.0,0.0,2,1,2,1,Gd,4,Typ,0,,Detchd,2004.0,RFn,2.0,480.0,TA,TA,Y,0,172,0,0,0,0,,,,0,4,2010,ConLD,Normal,161874.69
38,1499,160,FV,24.0,2544,Pave,Pave,Reg,Lvl,AllPub,Inside,Gtl,Somerst,Norm,Norm,Twnhs,2Story,7,5,2004,2005,Gable,CompShg,MetalSd,MetalSd,,0.0,Gd,TA,PConc,Gd,TA,No,GLQ,368.0,ALQ,42.0,190.0,600.0,GasA,Ex,Y,SBrkr,600,600,0,1200,1.0,0.0,2,1,2,1,Gd,4,Typ,0,,Detchd,2004.0,RFn,2.0,480.0,TA,TA,Y,0,172,0,0,0,0,,,,0,2,2010,WD,Normal,156105.275
39,1500,160,FV,24.0,2544,Pave,Pave,Reg,Lvl,AllPub,Inside,Gtl,Somerst,Norm,Norm,Twnhs,2Story,6,5,2005,2005,Gable,CompShg,VinylSd,VinylSd,BrkFace,216.0,Gd,TA,PConc,Gd,TA,No,GLQ,376.0,Unf,0.0,224.0,600.0,GasA,Ex,Y,SBrkr,600,636,0,1236,1.0,0.0,2,1,2,1,Gd,4,Typ,0,,Detchd,2005.0,RFn,2.0,480.0,TA,TA,Y,0,166,0,0,0,0,,,,0,5,2010,WD,Normal,164720.965
40,1501,160,FV,,2980,Pave,,Reg,Lvl,AllPub,Corner,Gtl,Somerst,Norm,Norm,TwnhsE,2Story,6,5,2000,2000,Gable,CompShg,MetalSd,MetalSd,BrkFace,1159.0,Gd,TA,PConc,Gd,TA,No,GLQ,466.0,Unf,0.0,290.0,756.0,GasA,Ex,Y,SBrkr,756,756,0,1512,1.0,0.0,2,1,2,1,Gd,5,Typ,0,,Detchd,2000.0,Unf,2.0,440.0,TA,TA,Y,0,32,0,0,0,0,,,,0,5,2010,WD,Normal,172008.8
41,1502,160,FV,,2403,Pave,,IR1,Lvl,AllPub,FR2,Gtl,Somerst,Norm,Norm,TwnhsE,2Story,7,5,2003,2003,Gable,CompShg,VinylSd,VinylSd,,0.0,Gd,TA,PConc,Gd,TA,No,GLQ,244.0,Unf,0.0,286.0,530.0,GasA,Ex,Y,SBrkr,530,550,0,1080,0.0,0.0,2,1,2,1,Gd,4,Typ,0,,Attchd,2003.0,RFn,2.0,496.0,TA,TA,Y,0,50,0,0,0,0,,,,0,6,2010,WD,Normal,168888.28
42,1503,20,FV,57.0,12853,Pave,Pave,IR1,Lvl,AllPub,Inside,Gtl,Somerst,Norm,Norm,1Fam,1Story,8,5,2010,2010,Gable,CompShg,CemntBd,CmentBd,,0.0,Gd,TA,PConc,Ex,Po,No,GLQ,1032.0,Unf,0.0,610.0,1642.0,GasA,Ex,Y,SBrkr,1418,0,0,1418,1.0,0.0,1,1,1,1,Gd,6,Typ,1,Gd,Attchd,2010.0,RFn,3.0,852.0,TA,TA,Y,160,192,0,224,0,0,,,,0,4,2010,New,Partial,277910.09
43,1504,60,FV,68.0,7379,Pave,,IR1,Lvl,AllPub,Inside,Gtl,Somerst,Norm,Norm,1Fam,2Story,8,5,2000,2000,Gable,CompShg,VinylSd,VinylSd,,0.0,Gd,TA,PConc,Gd,TA,No,GLQ,484.0,Unf,0.0,491.0,975.0,GasA,Ex,Y,SBrkr,975,873,0,1848,1.0,0.0,2,1,3,1,Gd,7,Typ,1,TA,Attchd,2000.0,RFn,2.0,592.0,TA,TA,Y,280,184,0,0,0,0,,,,0,4,2010,WD,Normal,234959.73
44,1505,20,FV,80.0,8000,Pave,,Reg,Lvl,AllPub,Inside,Gtl,Somerst,Norm,Norm,1Fam,1Story,7,5,2002,2002,Gable,CompShg,VinylSd,VinylSd,,0.0,Gd,TA,PConc,Gd,TA,No,GLQ,833.0,Unf,0.0,659.0,1492.0,GasA,Ex,Y,SBrkr,1492,0,0,1492,1.0,0.0,2,0,3,1,Gd,6,Typ,1,Gd,Attchd,2002.0,RFn,2.0,596.0,TA,TA,Y,277,137,0,0,0,0,,,,0,4,2010,WD,Normal,217173.41
45,1506,20,RL,,10456,Pave,,IR1,Lvl,AllPub,Inside,Gtl,NWAmes,Norm,Norm,1Fam,1Story,6,6,1967,1967,Hip,CompShg,HdBoard,HdBoard,BrkFace,120.0,TA,TA,CBlock,TA,TA,No,GLQ,506.0,Unf,0.0,1323.0,1829.0,GasA,Gd,Y,SBrkr,1829,0,0,1829,1.0,0.0,2,0,4,1,TA,8,Typ,0,,Attchd,1967.0,RFn,2.0,535.0,TA,TA,Y,0,76,0,0,0,0,,,,0,5,2010,WD,Normal,179295.05
46,1507,60,RL,80.0,10791,Pave,,Reg,Lvl,AllPub,Inside,Gtl,NWAmes,Norm,Norm,1Fam,2Story,6,5,1993,1993,Gable,CompShg,MetalSd,MetalSd,,0.0,TA,TA,PConc,Gd,TA,Mn,GLQ,1137.0,Unf,0.0,143.0,1280.0,GasA,Ex,Y,SBrkr,1280,1215,0,2495,1.0,0.0,2,1,4,1,Gd,9,Typ,1,TA,Attchd,1993.0,Unf,2.0,660.0,TA,TA,Y,224,32,0,0,0,0,,,,0,3,2010,WD,Normal,246020.305
47,1508,50,RL,,18837,Pave,,IR1,Lvl,AllPub,Inside,Gtl,NWAmes,Norm,Norm,1Fam,1.5Fin,6,5,1978,1978,Gable,CompShg,MetalSd,MetalSd,,0.0,TA,TA,PConc,Gd,TA,Mn,ALQ,687.0,LwQ,46.0,491.0,1224.0,GasA,TA,Y,SBrkr,1287,604,0,1891,0.0,1.0,3,0,3,1,TA,7,Typ,1,TA,Attchd,1978.0,RFn,2.0,678.0,TA,TA,Y,0,69,0,0,0,0,,,,0,4,2010,WD,Normal,187754.675
48,1509,60,RL,80.0,9600,Pave,,Reg,Lvl,AllPub,Inside,Gtl,NWAmes,Norm,Norm,1Fam,2Story,6,6,1971,1971,Gable,CompShg,MetalSd,MetalSd,,0.0,TA,TA,CBlock,TA,TA,No,ALQ,329.0,Unf,0.0,386.0,715.0,GasA,TA,Y,SBrkr,930,715,0,1645,0.0,0.0,1,2,4,1,TA,7,Typ,0,,Attchd,1971.0,RFn,2.0,441.0,TA,TA,Y,0,78,0,0,0,0,,GdWo,,0,6,2010,WD,Normal,158165.25
49,1510,20,RL,80.0,9600,Pave,,Reg,Lvl,AllPub,Inside,Gtl,NAmes,Norm,Norm,1Fam,1Story,5,5,1966,1966,Hip,CompShg,VinylSd,VinylSd,BrkFace,172.0,TA,TA,CBlock,TA,TA,No,Rec,698.0,Unf,0.0,534.0,1232.0,GasA,TA,Y,SBrkr,1232,0,0,1232,1.0,0.0,1,1,3,1,TA,6,Typ,0,,Attchd,1966.0,RFn,2.0,490.0,TA,TA,Y,0,224,0,0,0,0,,,,0,4,2010,WD,Normal,151241.91
50,1511,20,RL,90.0,9900,Pave,,Reg,Lvl,AllPub,Corner,Gtl,NAmes,Norm,Norm,1Fam,1Story,5,5,1966,1966,Hip,CompShg,HdBoard,HdBoard,,0.0,TA,TA,PConc,Gd,TA,No,BLQ,1059.0,Unf,0.0,150.0,1209.0,GasA,Gd,Y,SBrkr,1209,0,0,1209,1.0,0.0,1,0,3,1,TA,6,Typ,0,,Attchd,1966.0,RFn,2.0,504.0,TA,TA,Y,0,0,120,0,0,0,,,,0,4,2010,ConLD,Normal,150875.0
51,1512,20,RL,88.0,9680,Pave,,Reg,Lvl,AllPub,Inside,Gtl,NAmes,Norm,Norm,1Fam,1Story,5,6,1967,1967,Gable,CompShg,Wd Sdng,Plywood,BrkFace,268.0,TA,TA,CBlock,TA,TA,No,BLQ,1010.0,Unf,0.0,500.0,1510.0,GasA,Ex,Y,SBrkr,1510,0,0,1510,1.0,0.0,2,0,3,1,Gd,6,Typ,0,,Attchd,1967.0,RFn,2.0,517.0,TA,TA,Y,0,40,0,0,204,0,,GdPrv,,0,4,2010,WD,Normal,175641.77
52,1513,80,RL,,10600,Pave,Pave,IR1,Lvl,AllPub,Inside,Gtl,NAmes,Norm,Norm,1Fam,SLvl,6,5,1964,1964,Gable,CompShg,HdBoard,HdBoard,,0.0,TA,TA,CBlock,TA,TA,No,Unf,0.0,Unf,0.0,533.0,533.0,GasA,TA,Y,SBrkr,1131,644,0,1775,0.0,0.0,2,0,3,1,TA,8,Typ,0,,Attchd,1964.0,Unf,2.0,480.0,TA,TA,Y,0,172,0,0,0,0,,,,0,5,2010,COD,Family,150634.985
53,1514,90,RL,98.0,13260,Pave,,IR1,Lvl,AllPub,Inside,Gtl,NAmes,Norm,Norm,Duplex,1Story,5,6,1962,2001,Hip,CompShg,HdBoard,HdBoard,BrkFace,144.0,TA,TA,CBlock,TA,TA,No,BLQ,1500.0,Unf,0.0,228.0,1728.0,GasA,TA,Y,SBrkr,1728,0,0,1728,2.0,0.0,2,0,6,2,TA,10,Typ,0,,,,,0.0,0.0,,,Y,0,0,0,0,0,0,,,,0,1,2010,Oth,Abnorml,167637.845
54,1515,50,RL,68.0,9724,Pave,,Reg,Lvl,AllPub,Inside,Gtl,NAmes,Norm,Norm,1Fam,1.5Fin,5,7,1952,2002,Gable,CompShg,MetalSd,MetalSd,BrkFace,265.0,Gd,TA,CBlock,TA,TA,No,LwQ,670.0,Unf,0.0,470.0,1140.0,GasA,Gd,Y,SBrkr,1929,532,0,2461,0.0,0.0,2,0,3,1,TA,7,Min2,2,Gd,Detchd,1994.0,Unf,2.0,400.0,TA,TA,Y,0,0,0,0,0,0,,GdWo,,0,3,2010,WD,Normal,177076.215
55,1516,50,RL,120.0,17360,Pave,,Reg,Lvl,AllPub,Corner,Gtl,NAmes,Artery,Norm,1Fam,1.5Fin,6,6,1949,1950,Gable,CompShg,MetalSd,MetalSd,Stone,340.0,TA,Gd,CBlock,TA,TA,No,Rec,300.0,Unf,0.0,482.0,782.0,GasA,TA,Y,SBrkr,1019,537,0,1556,0.0,0.0,2,0,3,1,TA,6,Typ,1,Gd,Attchd,1949.0,Unf,2.0,470.0,TA,TA,Y,0,0,150,0,0,0,,,,0,1,2010,WD,Normal,151100.275
56,1517,85,RL,75.0,11380,Pave,,IR1,Lvl,AllPub,Inside,Gtl,NAmes,Norm,Norm,1Fam,SFoyer,6,8,1966,2008,Gable,CompShg,HdBoard,HdBoard,BrkFace,216.0,TA,TA,CBlock,TA,TA,Gd,GLQ,944.0,Unf,0.0,136.0,1080.0,GasA,Gd,Y,SBrkr,1128,0,0,1128,1.0,0.0,1,0,2,1,Gd,5,Typ,1,Gd,Attchd,1966.0,Unf,1.0,315.0,TA,TA,Y,238,0,0,0,0,0,,,Shed,1500,1,2010,WD,Normal,157462.185
57,1518,90,RL,70.0,8267,Pave,,Reg,Lvl,AllPub,Corner,Gtl,NAmes,Feedr,Norm,Duplex,1Story,5,5,1958,1958,Gable,CompShg,HdBoard,HdBoard,,0.0,TA,TA,CBlock,TA,TA,No,Unf,0.0,Unf,0.0,1604.0,1604.0,GasA,TA,Y,SBrkr,1604,0,0,1604,0.0,0.0,2,0,4,2,TA,8,Typ,0,,Attchd,1958.0,Unf,2.0,576.0,TA,TA,Y,42,0,0,0,0,0,,,,0,3,2010,WD,Normal,134834.74
58,1519,20,RL,70.0,8197,Pave,,Reg,Lvl,AllPub,Inside,Gtl,NAmes,Norm,Norm,1Fam,1Story,7,5,2003,2009,Gable,CompShg,VinylSd,VinylSd,BrkFace,506.0,Gd,TA,PConc,Gd,TA,No,GLQ,1188.0,Unf,0.0,292.0,1480.0,GasA,Ex,Y,SBrkr,1480,0,0,1480,1.0,0.0,2,0,3,1,Gd,7,Typ,0,,Attchd,2003.0,RFn,2.0,620.0,TA,TA,Y,252,73,0,0,0,0,,MnPrv,Shed,300,2,2010,WD,Normal,228506.635
59,1520,20,RL,,8050,Pave,,IR1,Lvl,AllPub,Inside,Gtl,NAmes,Norm,Norm,1Fam,1Story,5,5,1959,1959,Hip,CompShg,MetalSd,MetalSd,BrkFace,150.0,TA,TA,CBlock,TA,TA,No,BLQ,856.0,Rec,162.0,125.0,1143.0,GasA,TA,Y,SBrkr,1143,0,0,1143,1.0,0.0,1,0,3,1,TA,6,Typ,0,,Attchd,1959.0,RFn,1.0,308.0,TA,TA,Y,0,0,0,0,0,0,,GdPrv,,0,5,2010,WD,Normal,137123.0
60,1521,20,RL,87.0,10725,Pave,,IR1,Lvl,AllPub,Inside,Gtl,NAmes,Norm,Norm,1Fam,1Story,5,5,1959,1959,Hip,CompShg,MetalSd,MetalSd,BrkFace,91.0,TA,TA,CBlock,TA,TA,No,Rec,936.0,Unf,0.0,270.0,1206.0,GasA,Fa,Y,SBrkr,1206,0,0,1206,0.0,0.0,1,0,3,1,TA,6,Typ,0,,Attchd,1959.0,RFn,1.0,312.0,TA,TA,Y,0,21,0,0,0,0,,,,0,5,2010,WD,Normal,142213.5
61,1522,20,RL,80.0,10032,Pave,,Reg,Lvl,AllPub,Inside,Gtl,NAmes,Norm,Norm,1Fam,1Story,6,5,1959,1959,Gable,CompShg,Wd Sdng,Wd Sdng,Stone,432.0,TA,TA,CBlock,TA,TA,No,Rec,734.0,Unf,0.0,510.0,1244.0,GasA,Ex,Y,SBrkr,1580,0,0,1580,1.0,0.0,1,1,3,1,TA,6,Typ,2,Gd,Attchd,1956.0,Unf,2.0,440.0,TA,TA,Y,0,28,0,0,160,0,,GdWo,,0,6,2010,WD,Normal,165672.185
62,1523,50,RL,60.0,8382,Pave,,Reg,Lvl,AllPub,Inside,Gtl,NAmes,Norm,Norm,1Fam,1.5Fin,4,5,1956,1956,Gable,CompShg,MetalSd,MetalSd,,0.0,TA,TA,CBlock,TA,TA,No,Unf,0.0,Unf,0.0,832.0,832.0,GasA,TA,Y,FuseA,832,505,0,1337,0.0,0.0,1,0,3,1,TA,5,Typ,0,,Attchd,1956.0,Unf,1.0,263.0,TA,TA,Y,0,0,0,0,0,0,,,,0,2,2010,WD,Normal,118457.645
63,1524,20,RL,60.0,10950,Pave,,Reg,Lvl,AllPub,Inside,Gtl,NAmes,Norm,Norm,1Fam,1Story,5,7,1952,1952,Gable,CompShg,WdShing,Wd Shng,,0.0,TA,TA,CBlock,TA,TA,No,BLQ,339.0,Unf,0.0,525.0,864.0,GasA,TA,Y,SBrkr,1064,0,0,1064,0.0,1.0,1,0,2,1,Fa,4,Typ,0,,Detchd,1952.0,Unf,1.0,318.0,TA,TA,Y,0,0,0,0,0,0,,,,0,5,2010,WD,Normal,118857.6
64,1525,20,RL,119.0,10895,Pave,,Reg,Lvl,AllPub,Corner,Gtl,NAmes,Norm,Norm,1Fam,1Story,5,6,1955,1955,Gable,CompShg,MetalSd,MetalSd,,0.0,TA,Gd,CBlock,TA,TA,No,Rec,648.0,Unf,0.0,324.0,972.0,GasA,TA,Y,SBrkr,972,0,0,972,0.0,0.0,1,0,3,1,TA,5,Typ,0,,Attchd,1955.0,Unf,1.0,305.0,TA,TA,Y,0,0,205,0,0,0,,GdWo,,0,6,2010,WD,Normal,128860.75
65,1526,190,RL,70.0,13587,Pave,,Reg,Lvl,AllPub,Inside,Gtl,NAmes,Norm,Norm,2fmCon,1Story,5,5,1958,1958,Gable,CompShg,MetalSd,MetalSd,,0.0,TA,TA,CBlock,TA,TA,Av,Rec,532.0,Unf,0.0,456.0,988.0,GasA,TA,Y,SBrkr,988,0,0,988,1.0,0.0,1,0,2,1,TA,5,Typ,0,,Attchd,1958.0,Unf,1.0,264.0,TA,TA,Y,0,0,0,0,0,0,,,,0,4,2010,WD,Abnorml,126737.0
66,1527,30,RL,65.0,7898,Pave,,Reg,Lvl,AllPub,Corner,Gtl,NAmes,Norm,Norm,1Fam,1Story,4,7,1920,1994,Gable,CompShg,MetalSd,MetalSd,,0.0,TA,TA,BrkTil,TA,TA,No,Unf,0.0,Unf,0.0,576.0,576.0,GasA,Gd,Y,SBrkr,985,0,0,985,0.0,1.0,1,0,2,1,TA,4,Typ,0,,Detchd,1989.0,Unf,2.0,676.0,TA,TA,N,0,0,0,0,0,0,,,,0,4,2010,WD,Normal,119299.145
67,1528,50,RL,60.0,8064,Pave,,Reg,Lvl,AllPub,Inside,Gtl,NAmes,Artery,Norm,1Fam,1.5Fin,6,8,1948,2004,Gable,CompShg,WdShing,Wd Shng,,0.0,TA,TA,CBlock,TA,TA,No,ALQ,481.0,Rec,174.0,161.0,816.0,GasA,TA,Y,SBrkr,816,408,0,1224,1.0,0.0,1,0,3,1,TA,5,Typ,0,,Detchd,1950.0,Unf,1.0,280.0,TA,TA,Y,414,0,0,0,0,0,,GdWo,,0,5,2010,WD,Normal,128316.395
68,1529,20,RL,81.0,7635,Pave,,IR1,Lvl,AllPub,Corner,Gtl,NAmes,Norm,Norm,1Fam,1Story,5,6,1960,1960,Gable,CompShg,BrkFace,Wd Sdng,,0.0,TA,TA,CBlock,TA,TA,No,Rec,588.0,LwQ,350.0,237.0,1175.0,GasA,Ex,Y,SBrkr,1175,0,0,1175,0.0,0.0,1,1,3,1,TA,6,Typ,0,,Detchd,1960.0,RFn,2.0,484.0,TA,TA,Y,0,0,0,0,0,0,,,,0,6,2010,WD,Normal,143502.0
69,1530,20,RL,80.0,9760,Pave,,Reg,Lvl,AllPub,Inside,Mod,NAmes,Norm,Norm,1Fam,1Story,6,7,1963,1984,Hip,CompShg,Wd Sdng,Wd Sdng,BrkFace,218.0,TA,TA,CBlock,TA,TA,Gd,BLQ,717.0,LwQ,263.0,415.0,1395.0,GasA,TA,Y,SBrkr,1395,0,0,1395,1.0,0.0,1,0,2,1,TA,7,Min1,1,TA,Attchd,1963.0,RFn,2.0,440.0,TA,TA,Y,657,0,113,0,240,0,,,,0,5,2010,WD,Normal,168577.935
70,1531,50,RM,60.0,4800,Pave,,Reg,Lvl,AllPub,Corner,Gtl,OldTown,Norm,Norm,1Fam,1.5Fin,4,5,1900,1954,Hip,CompShg,Wd Sdng,Wd Sdng,BrkFace,771.0,TA,TA,PConc,TA,TA,No,ALQ,48.0,Unf,0.0,661.0,709.0,GasA,TA,Y,SBrkr,1157,687,0,1844,1.0,0.0,1,0,3,1,TA,9,Min2,2,Gd,Basment,1900.0,Unf,1.0,240.0,TA,TA,Y,84,0,0,0,0,0,,,,0,1,2010,COD,Abnorml,151003.005
71,1532,30,RM,56.0,4485,Pave,Grvl,Reg,Lvl,AllPub,Inside,Gtl,OldTown,Artery,Norm,1Fam,1Story,5,7,1920,1950,Gable,CompShg,Wd Sdng,Wd Sdng,,0.0,TA,TA,PConc,TA,TA,No,BLQ,579.0,Unf,0.0,357.0,936.0,GasA,TA,Y,SBrkr,936,0,0,936,1.0,0.0,1,0,2,1,TA,5,Typ,1,Gd,,,,0.0,0.0,,,P,51,0,135,0,0,0,,MnPrv,,0,5,2010,WD,Normal,108102.67
72,1533,20,RM,69.0,5805,Pave,Grvl,Reg,Bnk,AllPub,Inside,Mod,OldTown,Norm,Norm,1Fam,1Story,5,7,1957,1957,Hip,CompShg,MetalSd,MetalSd,,0.0,TA,TA,CBlock,TA,TA,Mn,BLQ,274.0,Rec,1073.0,0.0,1347.0,GasA,Gd,Y,SBrkr,1347,0,0,1347,1.0,1.0,1,0,3,1,Gd,6,Typ,0,,Detchd,1957.0,Unf,2.0,551.0,TA,TA,Y,0,0,0,0,0,0,,,,0,6,2010,WD,Normal,137598.585
73,1534,45,RM,50.0,6900,Pave,,Reg,Lvl,AllPub,Corner,Gtl,OldTown,Norm,Norm,1Fam,1.5Fin,6,7,1938,2000,Gable,CompShg,MetalSd,MetalSd,,0.0,TA,TA,PConc,Gd,TA,No,Unf,0.0,Unf,0.0,827.0,827.0,GasA,Gd,Y,SBrkr,827,424,0,1251,0.0,0.0,1,0,3,1,Fa,6,Typ,0,,Detchd,1938.0,Unf,1.0,240.0,Fa,TA,N,0,0,0,0,0,0,,,,0,1,2010,WD,Normal,119082.995
74,1535,50,RM,69.0,11851,Pave,,Reg,Lvl,AllPub,Inside,Gtl,OldTown,Artery,Norm,1Fam,1.5Fin,5,7,1948,2009,Gable,CompShg,VinylSd,VinylSd,,0.0,TA,Gd,BrkTil,TA,TA,No,BLQ,780.0,Unf,0.0,247.0,1027.0,GasA,Ex,Y,SBrkr,1027,606,0,1633,0.0,0.0,1,0,3,1,Gd,7,Typ,1,Gd,Detchd,1948.0,Unf,1.0,240.0,TA,TA,Y,0,100,126,0,0,0,,,,0,6,2010,WD,Normal,146411.145
75,1536,50,RM,,8239,Pave,,Reg,Lvl,AllPub,Inside,Gtl,OldTown,Artery,Norm,1Fam,1.5Fin,5,6,1920,1962,Gable,CompShg,MetalSd,MetalSd,,0.0,TA,TA,BrkTil,TA,TA,No,Rec,176.0,Unf,0.0,832.0,1008.0,GasA,TA,Y,SBrkr,1060,185,0,1245,0.0,0.0,1,0,3,1,TA,6,Typ,0,,Detchd,1962.0,Unf,1.0,315.0,TA,TA,Y,0,0,334,0,0,0,,,,0,3,2010,WD,Normal,121814.0
76,1537,30,RM,68.0,9656,Pave,,Reg,Lvl,AllPub,Inside,Gtl,OldTown,Norm,Norm,1Fam,1Story,2,2,1923,1970,Gable,CompShg,AsbShng,AsbShng,,0.0,TA,Fa,BrkTil,Fa,Fa,No,Unf,0.0,Unf,0.0,678.0,678.0,GasA,TA,N,SBrkr,832,0,0,832,0.0,0.0,1,0,2,1,TA,5,Typ,1,Gd,Detchd,1928.0,Unf,2.0,780.0,Fa,Fa,N,0,0,0,0,0,0,,,,0,6,2010,WD,Abnorml,110177.67
77,1538,70,RM,60.0,9600,Pave,Grvl,Reg,Lvl,AllPub,Corner,Gtl,OldTown,Norm,Norm,1Fam,2Story,8,9,1900,2003,Gable,CompShg,Wd Sdng,Wd Sdng,,0.0,Gd,Gd,BrkTil,TA,TA,No,Unf,0.0,Unf,0.0,930.0,930.0,GasW,TA,N,SBrkr,930,636,0,1566,0.0,0.0,2,0,3,1,Gd,7,Typ,0,,Detchd,1930.0,Unf,1.0,288.0,TA,TA,Y,54,228,246,0,0,0,,,,0,4,2010,WD,Abnorml,149802.75
78,1539,70,RM,50.0,9000,Pave,Grvl,Reg,Lvl,AllPub,Inside,Gtl,OldTown,Norm,Norm,1Fam,2Story,8,9,1890,2002,Gable,CompShg,Wd Sdng,Wd Sdng,,0.0,Gd,Gd,Stone,Fa,Fa,No,Unf,0.0,Unf,0.0,346.0,346.0,GasA,Ex,Y,SBrkr,1157,1111,0,2268,0.0,0.0,3,0,3,1,Gd,7,Typ,0,,Detchd,2003.0,Unf,2.0,624.0,TA,TA,N,0,108,0,0,0,0,,,,0,4,2010,WD,Normal,196693.485
79,1540,190,RM,100.0,9045,Pave,,Reg,Lvl,AllPub,Inside,Gtl,OldTown,Norm,Norm,2fmCon,2Story,5,3,1910,1950,Gable,CompShg,MetalSd,MetalSd,,0.0,TA,Fa,BrkTil,TA,TA,Mn,Unf,0.0,Unf,0.0,840.0,840.0,Grav,Fa,N,FuseF,1128,1128,0,2256,0.0,0.0,2,0,4,2,Fa,12,Typ,0,,,,,0.0,0.0,,,N,0,18,18,0,0,0,,,,0,6,2010,WD,Abnorml,129530.485
80,1541,70,RM,60.0,10560,Pave,,Reg,Lvl,AllPub,Inside,Gtl,OldTown,Norm,Norm,1Fam,2Story,6,7,1922,1994,Gable,CompShg,Wd Sdng,Wd Sdng,,0.0,TA,TA,CBlock,Fa,TA,No,Rec,283.0,Unf,0.0,455.0,738.0,GasA,Ex,Y,SBrkr,868,602,0,1470,0.0,0.0,1,1,2,1,TA,6,Min1,0,,Detchd,1970.0,Unf,2.0,624.0,TA,TA,Y,0,0,0,0,0,0,,,,0,6,2010,WD,Normal,138152.97
81,1542,50,RM,53.0,5830,Pave,,Reg,Lvl,AllPub,Corner,Gtl,BrkSide,Feedr,Feedr,1Fam,1.5Fin,5,6,1950,1997,Gable,CompShg,MetalSd,MetalSd,,0.0,TA,Gd,CBlock,TA,TA,No,Rec,788.0,Unf,0.0,200.0,988.0,GasA,Ex,Y,SBrkr,1030,582,0,1612,0.0,0.0,1,1,3,1,TA,7,Typ,0,,Detchd,1950.0,Unf,1.0,363.0,TA,TA,Y,0,0,0,0,0,0,,MnPrv,,0,3,2010,WD,Normal,134849.965
82,1543,75,RL,,7793,Pave,,IR1,Bnk,AllPub,Corner,Gtl,BrkSide,Norm,Norm,1Fam,2.5Unf,7,7,1922,2005,Gable,CompShg,Wd Sdng,Wd Sdng,,0.0,TA,TA,BrkTil,Gd,TA,No,BLQ,474.0,Unf,0.0,634.0,1108.0,GasA,TA,N,FuseA,1160,908,0,2068,0.0,0.0,1,1,3,1,Gd,8,Typ,1,Gd,Detchd,1928.0,Unf,1.0,315.0,TA,TA,Y,0,0,60,0,0,0,,,,0,5,2010,WD,Normal,177756.915
83,1544,30,RM,50.0,5000,Pave,,Reg,Lvl,AllPub,Inside,Gtl,BrkSide,Feedr,Norm,1Fam,1Story,4,7,1925,1950,Gable,CompShg,MetalSd,MetalSd,,0.0,TA,TA,BrkTil,TA,TA,No,Rec,188.0,Unf,0.0,577.0,765.0,GasA,TA,N,FuseF,765,0,0,765,1.0,0.0,1,0,2,1,Gd,4,Typ,0,,Detchd,1926.0,Unf,1.0,200.0,Fa,TA,P,135,0,41,0,0,0,,MnPrv,,0,4,2010,WD,Normal,98450.54
84,1545,50,RM,50.0,6000,Pave,,Reg,Lvl,AllPub,Inside,Gtl,BrkSide,Norm,Norm,1Fam,1.5Fin,6,7,1939,1950,Gable,CompShg,MetalSd,MetalSd,,0.0,TA,TA,BrkTil,TA,Gd,No,BLQ,452.0,LwQ,12.0,144.0,608.0,GasA,TA,Y,SBrkr,608,524,0,1132,1.0,0.0,1,0,2,1,TA,5,Typ,0,,Detchd,1939.0,Unf,1.0,240.0,TA,TA,Y,0,0,128,0,0,0,,MnPrv,,0,4,2010,WD,Abnorml,112289.71
85,1546,50,RM,50.0,6000,Pave,,Reg,Lvl,AllPub,Inside,Gtl,BrkSide,Norm,Norm,1Fam,1.5Fin,6,6,1940,1950,Gable,CompShg,MetalSd,MetalSd,,0.0,TA,Gd,CBlock,TA,TA,No,LwQ,264.0,Unf,0.0,308.0,572.0,GasA,Ex,Y,FuseA,848,348,0,1196,0.0,1.0,1,1,3,1,TA,6,Typ,2,Gd,Detchd,1973.0,Unf,2.0,576.0,TA,TA,Y,0,0,0,0,0,0,,,,0,3,2010,WD,Normal,130217.25
86,1547,50,RM,53.0,6360,Pave,,Reg,Lvl,AllPub,Corner,Gtl,BrkSide,Feedr,Norm,1Fam,1.5Fin,5,6,1942,1950,Gable,CompShg,MetalSd,MetalSd,Stone,300.0,TA,TA,CBlock,TA,TA,No,Rec,360.0,LwQ,159.0,316.0,835.0,GasA,TA,Y,FuseA,955,498,0,1453,0.0,0.0,1,1,3,1,Gd,7,Min2,2,Fa,Detchd,1942.0,Unf,1.0,240.0,TA,TA,Y,0,0,35,0,148,0,,,,0,3,2010,WD,Normal,138236.12
87,1548,50,RM,50.0,6000,Pave,,Reg,Lvl,AllPub,Inside,Gtl,BrkSide,Norm,Norm,1Fam,1.5Fin,6,7,1948,1950,Gable,CompShg,Wd Sdng,Wd Sdng,,0.0,TA,TA,CBlock,TA,TA,No,Rec,300.0,Unf,0.0,480.0,780.0,GasA,TA,Y,SBrkr,780,636,0,1416,0.0,0.0,1,1,3,1,TA,6,Typ,0,,Detchd,1948.0,Unf,1.0,312.0,TA,TA,P,221,0,48,0,0,0,,,,0,3,2010,WD,Normal,124443.56
88,1549,50,RM,52.0,6240,Pave,,Reg,Lvl,AllPub,Inside,Gtl,BrkSide,Norm,Norm,1Fam,1.5Fin,5,7,1936,1980,Gable,CompShg,VinylSd,VinylSd,,0.0,TA,TA,CBlock,TA,Fa,No,Rec,276.0,Unf,0.0,252.0,528.0,GasA,Gd,Y,SBrkr,548,492,0,1040,0.0,0.0,1,0,2,1,TA,5,Typ,0,,Detchd,1979.0,Fin,2.0,624.0,TA,TA,P,306,0,32,0,0,0,,,,0,5,2010,WD,Normal,120249.395
89,1550,50,RM,52.0,6240,Pave,,Reg,Lvl,AllPub,Inside,Gtl,BrkSide,Norm,Norm,1Fam,1.5Fin,5,5,1930,1950,Gable,CompShg,MetalSd,MetalSd,,0.0,TA,TA,BrkTil,TA,TA,No,LwQ,448.0,Unf,0.0,480.0,928.0,GasA,TA,Y,FuseF,928,608,0,1536,0.0,0.0,2,0,4,1,TA,7,Typ,1,Gd,Detchd,1930.0,Unf,2.0,480.0,TA,TA,Y,0,10,0,0,0,0,,MnPrv,,0,3,2010,WD,Normal,139531.015
90,1551,30,RM,51.0,6120,Pave,,Reg,Lvl,AllPub,Inside,Gtl,OldTown,Artery,Norm,1Fam,1Story,6,5,1923,1950,Gable,CompShg,Wd Sdng,Wd Sdng,,0.0,TA,TA,BrkTil,Fa,Fa,No,ALQ,960.0,Unf,0.0,164.0,1124.0,GasA,TA,Y,SBrkr,1068,0,0,1068,1.0,0.0,1,0,2,1,TA,5,Typ,1,Gd,Detchd,1923.0,Unf,1.0,288.0,TA,TA,Y,0,0,128,0,0,0,,,,0,3,2010,WD,Normal,121572.285
91,1552,50,RM,57.0,8094,Pave,Grvl,Reg,Lvl,AllPub,Inside,Gtl,OldTown,Norm,Norm,1Fam,1.5Fin,4,5,1915,1950,Gable,CompShg,MetalSd,MetalSd,,0.0,TA,Fa,CBlock,TA,TA,No,Unf,0.0,Unf,0.0,888.0,888.0,GasA,Ex,Y,SBrkr,888,1074,0,1962,0.0,0.0,1,1,4,1,TA,9,Typ,1,TA,Detchd,1915.0,Unf,2.0,572.0,TA,TA,Y,160,0,364,0,0,0,,GdPrv,,0,6,2010,WD,Normal,156334.985
92,1553,70,RM,60.0,12900,Pave,Grvl,Reg,Lvl,AllPub,Inside,Gtl,OldTown,Norm,Norm,1Fam,2Story,6,8,1912,2009,Gable,CompShg,Wd Sdng,Wd Sdng,,0.0,Gd,Gd,PConc,TA,TA,No,Unf,0.0,Unf,0.0,780.0,780.0,GasA,Ex,Y,SBrkr,780,780,0,1560,0.0,0.0,1,1,3,1,Gd,7,Typ,0,,,,,0.0,0.0,,,N,344,0,0,0,168,0,,,,0,5,2010,WD,Normal,143824.795
93,1554,70,RM,52.0,3068,Pave,Grvl,Reg,Lvl,AllPub,Inside,Gtl,OldTown,Norm,Norm,1Fam,2Story,6,8,1920,1993,Gable,CompShg,VinylSd,VinylSd,,0.0,TA,Gd,BrkTil,TA,TA,No,Unf,0.0,Unf,0.0,662.0,662.0,GasA,Ex,Y,SBrkr,662,662,0,1324,0.0,1.0,1,0,3,1,TA,6,Typ,0,,Detchd,1920.0,Unf,1.0,180.0,TA,TA,Y,0,0,112,0,0,0,,GdPrv,,0,2,2010,WD,Normal,121323.975
94,1555,20,RL,100.0,15263,Pave,,IR1,Lvl,AllPub,Inside,Gtl,ClearCr,Feedr,Norm,1Fam,1Story,5,5,1959,1959,Gable,CompShg,HdBoard,HdBoard,BrkFace,90.0,TA,TA,CBlock,Gd,TA,No,Rec,766.0,Unf,0.0,656.0,1422.0,GasA,Gd,Y,SBrkr,1675,0,0,1675,0.0,0.0,2,0,3,1,TA,8,Typ,2,Gd,Attchd,1959.0,Unf,1.0,365.0,TA,TA,Y,0,132,0,0,0,0,,,,0,5,2010,WD,Normal,172195.0
95,1556,50,RL,72.0,10632,Pave,,IR1,Lvl,AllPub,Inside,Gtl,ClearCr,Norm,Norm,1Fam,1.5Fin,5,3,1917,1950,Gable,CompShg,Wd Sdng,Wd Sdng,,0.0,TA,TA,BrkTil,Gd,Fa,No,Unf,0.0,Unf,0.0,689.0,689.0,GasA,Gd,N,SBrkr,725,499,0,1224,0.0,0.0,1,1,3,1,,6,Mod,0,,Detchd,1917.0,Unf,1.0,180.0,Fa,Fa,N,0,0,248,0,0,0,,,,0,1,2010,COD,Normal,107523.3
96,1557,190,RL,60.0,9900,Pave,,Reg,Lvl,AllPub,Inside,Gtl,SWISU,Norm,Norm,2fmCon,1.5Fin,5,4,1915,1950,Gable,CompShg,Wd Sdng,Wd Shng,,0.0,Fa,Fa,BrkTil,TA,TA,No,Rec,1026.0,Unf,0.0,186.0,1212.0,GasA,TA,N,SBrkr,1212,180,0,1392,1.0,0.0,1,0,3,1,TA,6,Typ,0,,,,,0.0,0.0,,,N,0,0,168,0,0,0,,,,0,2,2010,ConLD,Normal,110250.0
97,1558,50,RL,65.0,6001,Pave,,IR1,Bnk,AllPub,Inside,Mod,SWISU,Norm,Norm,1Fam,1.5Fin,6,5,1940,1950,Gable,CompShg,VinylSd,VinylSd,,0.0,TA,TA,CBlock,Fa,TA,No,LwQ,368.0,Unf,0.0,232.0,600.0,GasA,Ex,N,SBrkr,600,319,0,919,0.0,0.0,1,0,3,1,TA,5,Typ,0,,Detchd,1940.0,Unf,1.0,231.0,TA,TA,Y,0,0,45,0,0,0,,MnPrv,,0,3,2010,WD,Normal,108565.215
98,1559,70,C (all),,6449,Pave,,IR1,Lvl,AllPub,Inside,Gtl,SWISU,Norm,Norm,1Fam,2Story,4,1,1907,1950,Gambrel,CompShg,Wd Sdng,Stucco,,0.0,TA,TA,CBlock,TA,TA,No,Rec,73.0,Unf,0.0,634.0,707.0,GasW,TA,N,SBrkr,942,942,0,1884,0.0,0.0,1,1,4,1,TA,7,Typ,0,,,,,0.0,0.0,,,N,0,0,239,0,0,0,,,,0,3,2010,WD,Abnorml,116968.775
99,1560,190,RH,60.0,6048,Pave,,Reg,Lvl,AllPub,Corner,Gtl,SWISU,Artery,Norm,2fmCon,1.5Fin,5,7,1910,1950,Gable,CompShg,Wd Sdng,Wd Sdng,,0.0,TA,Gd,BrkTil,TA,TA,Mn,LwQ,736.0,Unf,0.0,120.0,856.0,GasA,Gd,Y,SBrkr,936,744,0,1680,1.0,0.0,2,0,2,2,TA,7,Typ,1,Gd,Detchd,1910.0,Unf,2.0,450.0,TA,Fa,P,56,144,0,0,0,0,,,,0,6,2010,COD,Normal,144514.835
100,1561,90,RL,72.0,10773,Pave,,Reg,Lvl,AllPub,Inside,Gtl,Sawyer,Norm,Norm,Duplex,1Story,4,3,1967,1967,Gable,Tar&Grv,Plywood,Plywood,BrkFace,72.0,Fa,Fa,CBlock,TA,TA,No,ALQ,704.0,Unf,0.0,1128.0,1832.0,GasA,TA,N,SBrkr,1832,0,0,1832,2.0,0.0,2,0,4,2,TA,8,Typ,0,,,,,0.0,0.0,,,Y,0,58,0,0,0,0,,,,0,5,2010,WD,Normal,139245.96
101,1562,20,RL,65.0,7800,Pave,,Reg,Lvl,AllPub,Inside,Gtl,Sawyer,Norm,Norm,1Fam,1Story,5,7,1966,2008,Hip,CompShg,HdBoard,HdBoard,BrkFace,47.0,TA,TA,CBlock,TA,TA,Mn,BLQ,240.0,Rec,474.0,150.0,864.0,GasA,Ex,Y,SBrkr,892,0,0,892,1.0,0.0,1,0,3,1,Gd,5,Typ,0,,Detchd,1966.0,Unf,1.0,416.0,TA,TA,Y,0,0,0,0,0,0,,,,0,6,2010,WD,Normal,129987.435
102,1563,20,RL,65.0,7832,Pave,,Reg,Lvl,AllPub,Inside,Gtl,Sawyer,Norm,Norm,1Fam,1Story,5,5,1968,1968,Hip,CompShg,HdBoard,HdBoard,,0.0,TA,TA,CBlock,TA,TA,No,GLQ,775.0,Unf,0.0,89.0,864.0,GasA,Ex,Y,SBrkr,864,0,0,864,1.0,0.0,1,0,2,1,TA,4,Typ,0,,Detchd,1969.0,Unf,1.0,280.0,TA,TA,Y,226,0,0,0,0,0,,,,0,5,2010,WD,Normal,126009.215
103,1564,90,RL,,7424,Pave,,IR1,Lvl,AllPub,Inside,Gtl,Sawyer,Norm,Norm,Duplex,SFoyer,5,5,1978,1978,Gable,CompShg,Plywood,Plywood,,0.0,TA,TA,CBlock,Gd,TA,Av,GLQ,1319.0,Unf,0.0,0.0,1319.0,GasA,TA,Y,SBrkr,1373,0,0,1373,1.0,0.0,1,0,3,1,TA,5,Typ,2,TA,Attchd,1978.0,Fin,2.0,591.0,TA,TA,Y,0,0,0,0,0,0,,,,0,5,2010,WD,Normal,161557.76
104,1565,60,RL,86.0,11227,Pave,,Reg,Lvl,AllPub,Inside,Gtl,Sawyer,Norm,Norm,1Fam,2Story,5,5,1968,1968,Gable,CompShg,HdBoard,HdBoard,,0.0,TA,Gd,CBlock,TA,Gd,No,Rec,267.0,ALQ,453.0,0.0,720.0,GasA,Ex,Y,SBrkr,720,720,0,1440,0.0,0.0,1,1,4,1,TA,7,Typ,2,TA,Attchd,1968.0,Unf,2.0,480.0,TA,TA,Y,192,38,0,0,0,0,,MnPrv,,0,3,2010,WD,Normal,157786.08
105,1566,20,RL,,20062,Pave,,IR1,Low,AllPub,Inside,Mod,ClearCr,Norm,Norm,1Fam,1Story,7,7,1977,2001,Hip,CompShg,Wd Sdng,Wd Sdng,,0.0,Gd,Gd,CBlock,Gd,TA,Gd,ALQ,1092.0,Unf,0.0,328.0,1420.0,GasA,Gd,Y,SBrkr,1483,0,0,1483,1.0,0.0,1,1,1,1,TA,4,Typ,2,TA,Attchd,1977.0,RFn,2.0,690.0,TA,TA,Y,496,0,0,0,0,0,,,,0,4,2010,WD,Normal,215500.36
106,1567,30,RL,94.0,9259,Pave,,Reg,Lvl,AllPub,Corner,Gtl,Sawyer,Feedr,Norm,1Fam,1Story,4,4,1927,1950,Gable,CompShg,Wd Sdng,Wd Sdng,,0.0,TA,TA,BrkTil,Fa,TA,No,Unf,0.0,Unf,0.0,660.0,660.0,GasA,TA,N,SBrkr,756,0,0,756,0.0,0.0,1,0,2,1,TA,4,Typ,0,,Detchd,1945.0,Unf,2.0,440.0,TA,TA,N,80,0,0,0,0,0,,,,0,6,2010,WD,Normal,96307.0
107,1568,60,RL,,17082,Pave,,IR1,Low,AllPub,CulDSac,Mod,ClearCr,Norm,Norm,1Fam,2Story,6,5,1978,1992,Gable,CompShg,VinylSd,VinylSd,BrkFace,288.0,TA,TA,PConc,Gd,TA,Av,ALQ,964.0,Unf,0.0,153.0,1117.0,GasA,Ex,Y,SBrkr,1117,864,0,1981,1.0,0.0,2,1,4,1,Gd,8,Typ,1,TA,Attchd,1978.0,Fin,2.0,522.0,TA,TA,Y,336,104,0,0,0,0,,,,0,5,2010,WD,Normal,218281.335
108,1569,50,RL,124.0,18600,Pave,,Reg,Lvl,AllPub,Inside,Gtl,Edwards,Norm,Norm,1Fam,1.5Fin,3,4,1938,1990,Gable,CompShg,Wd Sdng,Wd Sdng,,0.0,TA,TA,CBlock,TA,TA,Mn,BLQ,288.0,LwQ,684.0,0.0,972.0,GasA,TA,Y,FuseA,1052,558,0,1610,0.0,1.0,2,0,4,1,Fa,8,Typ,1,Gd,Attchd,1938.0,RFn,1.0,480.0,TA,TA,Y,0,0,60,0,0,0,,,Shed,450,6,2010,WD,Normal,158350.5
109,1570,20,RL,65.0,11479,Pave,,Reg,Lvl,AllPub,Inside,Gtl,Edwards,Norm,Norm,1Fam,1Story,6,7,1950,1987,Gable,CompShg,Wd Sdng,Plywood,,0.0,TA,TA,CBlock,TA,TA,No,GLQ,104.0,Rec,387.0,172.0,663.0,GasA,Ex,Y,SBrkr,1074,0,0,1074,1.0,0.0,1,0,3,1,Gd,6,Typ,1,TA,Attchd,1987.0,Unf,1.0,467.0,TA,TA,Y,0,52,52,0,0,0,,MnPrv,,0,6,2010,WD,Normal,144937.25
110,1571,50,RL,50.0,9350,Pave,,Reg,Bnk,AllPub,Inside,Gtl,Edwards,Norm,Norm,1Fam,1.5Fin,4,6,1947,1979,Gable,CompShg,WdShing,Wd Shng,,0.0,TA,TA,CBlock,TA,Fa,No,LwQ,192.0,Unf,0.0,564.0,756.0,GasA,Ex,Y,SBrkr,1169,0,362,1531,0.0,0.0,1,0,3,1,TA,8,Typ,1,TA,Detchd,1947.0,Unf,1.0,209.0,Fa,TA,Y,0,0,0,0,0,0,,MnPrv,,0,6,2010,WD,Normal,133368.765
111,1572,20,RL,75.0,9525,Pave,,Reg,Lvl,AllPub,Inside,Gtl,Edwards,Norm,Norm,1Fam,1Story,5,7,1954,1998,Gable,CompShg,WdShing,Wd Shng,,0.0,TA,TA,CBlock,TA,TA,Av,BLQ,954.0,Unf,0.0,218.0,1172.0,GasA,TA,Y,SBrkr,1172,0,0,1172,1.0,0.0,1,0,3,1,TA,5,Typ,0,,Attchd,1954.0,Fin,1.0,366.0,TA,TA,Y,240,0,0,0,0,0,,,,0,6,2010,WD,Normal,141155.125
112,1573,20,RL,44.0,17485,Pave,,IR2,Lvl,AllPub,Inside,Gtl,Edwards,Norm,Norm,1Fam,1Story,7,5,2009,2010,Gable,CompShg,VinylSd,VinylSd,Stone,96.0,Gd,TA,PConc,Gd,TA,Gd,GLQ,1346.0,Unf,0.0,162.0,1508.0,GasA,Ex,Y,SBrkr,1508,0,0,1508,1.0,0.0,1,0,1,1,Gd,5,Typ,2,TA,Attchd,2009.0,RFn,2.0,572.0,TA,TA,Y,0,0,0,0,0,0,,,,0,1,2010,Con,Partial,234154.77
113,1574,20,RL,,11200,Pave,,IR1,Lvl,AllPub,CulDSac,Gtl,Edwards,Norm,Norm,1Fam,1Story,5,3,1964,1964,Gable,CompShg,Wd Sdng,Wd Sdng,,0.0,TA,Fa,CBlock,TA,TA,Mn,Unf,0.0,Unf,0.0,1250.0,1250.0,GasA,Ex,Y,SBrkr,1298,0,0,1298,0.0,0.0,2,0,3,1,TA,5,Typ,0,,Detchd,1964.0,Unf,2.0,504.0,TA,Fa,N,0,144,0,0,0,0,,,,0,6,2010,COD,Normal,135079.93
114,1575,20,RL,83.0,11980,Pave,,Reg,Low,AllPub,Inside,Mod,SawyerW,Norm,Norm,1Fam,1Story,7,5,1987,1987,Gable,CompShg,Plywood,Plywood,BrkFace,177.0,Gd,TA,CBlock,Gd,TA,Gd,GLQ,1433.0,Unf,0.0,0.0,1433.0,GasA,Ex,Y,SBrkr,1433,0,0,1433,1.0,0.0,1,1,1,1,Gd,4,Typ,2,TA,Attchd,1987.0,RFn,2.0,528.0,Gd,Gd,Y,0,278,0,0,266,0,,MnPrv,,0,6,2010,WD,Normal,229775.675
115,1576,60,RL,87.0,12361,Pave,,IR1,Lvl,AllPub,CulDSac,Gtl,SawyerW,Norm,Norm,1Fam,2Story,6,7,1993,1993,Gable,CompShg,VinylSd,VinylSd,BrkFace,85.0,Gd,Gd,PConc,Gd,TA,No,GLQ,860.0,Unf,0.0,86.0,946.0,GasA,Ex,Y,SBrkr,964,838,0,1802,0.0,1.0,2,1,3,1,Gd,8,Typ,1,Gd,2Types,2000.0,RFn,4.0,1017.0,TA,TA,Y,450,92,0,0,0,0,,,,0,5,2010,WD,Normal,256888.385
116,1577,20,RL,64.0,7360,Pave,,Reg,Lvl,AllPub,Inside,Gtl,CollgCr,Norm,Norm,1Fam,1Story,7,5,2010,2010,Gable,CompShg,VinylSd,VinylSd,Stone,80.0,Gd,TA,PConc,Gd,TA,No,GLQ,24.0,Unf,0.0,1198.0,1222.0,GasA,Ex,Y,SBrkr,1222,0,0,1222,0.0,0.0,2,0,2,1,Gd,6,Typ,0,,Attchd,2009.0,RFn,2.0,615.0,TA,TA,Y,0,54,0,0,0,0,,,,0,3,2010,WD,Normal,199920.695
117,1578,50,RL,82.0,14235,Pave,,IR1,Lvl,AllPub,Inside,Gtl,SawyerW,Norm,Norm,1Fam,1.5Fin,6,8,1900,1993,Gable,CompShg,Wd Sdng,Plywood,,0.0,TA,TA,PConc,Fa,Gd,No,Unf,0.0,Unf,0.0,676.0,676.0,GasA,TA,Y,SBrkr,831,614,0,1445,0.0,0.0,2,0,3,1,TA,6,Typ,0,,Detchd,1957.0,Unf,2.0,484.0,TA,TA,N,0,59,0,0,0,0,,,,0,3,2010,WD,Normal,145140.165
118,1579,85,RL,82.0,11105,Pave,,Reg,Lvl,AllPub,Corner,Gtl,CollgCr,Norm,Norm,1Fam,SFoyer,5,5,1996,1996,Gable,CompShg,VinylSd,VinylSd,,0.0,TA,Gd,PConc,Gd,Fa,Av,GLQ,870.0,Unf,0.0,0.0,870.0,GasA,Gd,Y,SBrkr,965,0,0,965,1.0,0.0,1,0,2,1,TA,4,Typ,0,,Attchd,1998.0,Unf,2.0,580.0,Gd,TA,Y,71,0,0,0,0,0,,GdPrv,,0,7,2010,WD,Normal,142717.41
119,1580,60,RL,,9337,Pave,,IR1,Lvl,AllPub,Inside,Gtl,CollgCr,Norm,Norm,1Fam,2Story,7,5,1997,1998,Gable,CompShg,VinylSd,VinylSd,,0.0,TA,TA,PConc,Gd,TA,No,ALQ,353.0,Unf,0.0,525.0,878.0,GasA,Ex,Y,SBrkr,892,800,0,1692,0.0,0.0,2,1,3,1,TA,8,Typ,1,TA,Attchd,1997.0,RFn,2.0,513.0,TA,TA,Y,0,39,0,0,0,0,,,,0,4,2010,WD,Normal,188246.49
120,1581,20,RL,38.0,15240,Pave,,IR1,Lvl,AllPub,FR2,Gtl,CollgCr,Norm,Norm,1Fam,1Story,5,8,1977,2004,Gable,CompShg,CemntBd,CmentBd,,0.0,Gd,Gd,CBlock,Gd,TA,No,GLQ,198.0,Rec,688.0,140.0,1026.0,GasA,Ex,Y,SBrkr,1026,0,0,1026,1.0,0.0,1,1,3,1,TA,5,Typ,0,,Attchd,1977.0,Unf,1.0,308.0,TA,TA,Y,316,85,0,0,0,0,,MnPrv,,0,6,2010,WD,Normal,145588.07
121,1582,20,RL,68.0,7480,Pave,,Reg,Lvl,AllPub,Inside,Gtl,CollgCr,Norm,Norm,1Fam,1Story,5,6,1972,1972,Gable,CompShg,Wd Sdng,Wd Sdng,,0.0,TA,TA,CBlock,TA,TA,Av,ALQ,480.0,Unf,0.0,396.0,876.0,GasA,TA,Y,SBrkr,876,0,0,876,1.0,0.0,1,0,3,1,TA,5,Typ,0,,Detchd,1977.0,Unf,2.0,484.0,TA,TA,Y,0,0,0,0,0,0,,MnPrv,,0,6,2010,WD,Normal,125634.75
122,1583,20,RL,80.0,10389,Pave,,Reg,Lvl,AllPub,Inside,Gtl,CollgCr,Norm,Norm,1Fam,1Story,8,5,2003,2003,Hip,CompShg,CemntBd,CmentBd,BrkFace,320.0,Gd,TA,PConc,Gd,TA,No,GLQ,1682.0,Unf,0.0,296.0,1978.0,GasA,Ex,Y,SBrkr,1978,0,0,1978,1.0,0.0,2,1,3,1,Gd,8,Typ,1,Gd,Attchd,2003.0,RFn,3.0,850.0,TA,TA,Y,188,25,0,0,0,0,,,,0,5,2010,WD,Normal,313591.75
123,1584,60,RL,75.0,9375,Pave,,Reg,Lvl,AllPub,Inside,Gtl,CollgCr,Norm,Norm,1Fam,2Story,7,5,1997,1997,Gable,CompShg,VinylSd,VinylSd,,0.0,Gd,TA,PConc,Gd,TA,No,Unf,0.0,Unf,0.0,1040.0,1040.0,GasA,Ex,Y,SBrkr,1044,1054,0,2098,0.0,0.0,2,1,4,1,Gd,9,Typ,1,TA,Attchd,1997.0,Fin,2.0,621.0,TA,TA,Y,331,38,0,0,0,0,,,,0,4,2010,WD,Normal,239374.925
124,1585,120,RM,,4435,Pave,,Reg,Lvl,AllPub,Inside,Gtl,CollgCr,Norm,Norm,TwnhsE,1Story,6,5,2003,2003,Gable,CompShg,VinylSd,VinylSd,BrkFace,170.0,Gd,TA,PConc,Gd,TA,Av,GLQ,672.0,Unf,0.0,176.0,848.0,GasA,Ex,Y,SBrkr,848,0,0,848,1.0,0.0,1,0,1,1,Gd,4,Typ,0,,Attchd,2003.0,Fin,2.0,420.0,TA,TA,Y,140,0,0,0,0,0,,,,0,4,2010,WD,Normal,139272.86
125,1586,30,RL,67.0,8777,Pave,,Reg,Lvl,AllPub,Inside,Mod,Edwards,Feedr,Norm,1Fam,1Story,3,6,1945,2007,Gable,CompShg,VinylSd,VinylSd,,0.0,TA,Gd,CBlock,,,,,0.0,,0.0,0.0,0.0,GasA,TA,N,SBrkr,640,0,0,640,0.0,0.0,1,0,2,1,TA,5,Min1,0,,Detchd,1945.0,Unf,1.0,240.0,TA,TA,N,0,0,0,0,0,0,,,,0,4,2010,ConLD,Normal,91543.31
126,1587,20,RL,68.0,8842,Pave,,Reg,Lvl,AllPub,Corner,Gtl,Edwards,Norm,Norm,1Fam,1Story,5,6,1954,1954,Gable,CompShg,VinylSd,VinylSd,,0.0,TA,Gd,CBlock,Fa,TA,No,Unf,0.0,Unf,0.0,381.0,381.0,GasA,Ex,Y,SBrkr,992,0,0,992,0.0,0.0,1,0,3,1,TA,6,Typ,0,,Detchd,1954.0,Unf,1.0,319.0,TA,TA,Y,60,0,56,0,0,0,,MnPrv,,0,1,2010,Oth,Abnorml,114644.17
127,1588,20,RL,60.0,10044,Pave,,IR1,Low,AllPub,CulDSac,Gtl,Edwards,Norm,Norm,1Fam,1Story,5,6,1968,1968,Gable,CompShg,MetalSd,MetalSd,,0.0,TA,TA,CBlock,Gd,TA,Gd,ALQ,1070.0,Unf,0.0,126.0,1196.0,GasA,TA,Y,SBrkr,1196,0,0,1196,1.0,0.0,1,0,3,1,TA,6,Typ,0,,Attchd,1968.0,RFn,1.0,336.0,TA,TA,Y,257,0,168,0,0,0,,MnPrv,,0,6,2010,WD,Normal,145987.935
128,1589,50,RL,89.0,11792,Pave,,Reg,Lvl,AllPub,Inside,Gtl,Edwards,Norm,Norm,1Fam,1.5Fin,4,5,1948,1950,Gable,CompShg,VinylSd,VinylSd,,0.0,TA,TA,CBlock,TA,TA,No,Unf,0.0,Unf,0.0,744.0,744.0,GasA,Ex,N,FuseF,792,328,0,1120,0.0,0.0,1,0,2,1,Fa,5,Typ,0,,Detchd,1956.0,Unf,2.0,480.0,TA,Fa,P,0,0,0,0,160,0,,,,0,6,2010,WD,Abnorml,110251.75
129,1590,80,RL,65.0,6305,Pave,,Reg,Lvl,AllPub,Inside,Gtl,Edwards,Norm,Norm,1Fam,SLvl,6,6,1975,1975,Gable,CompShg,Plywood,Plywood,,0.0,TA,TA,CBlock,TA,TA,Av,ALQ,528.0,Unf,0.0,480.0,1008.0,GasA,TA,Y,SBrkr,1096,0,0,1096,1.0,0.0,1,0,3,1,TA,5,Typ,1,Fa,Detchd,1975.0,Unf,1.0,352.0,TA,TA,Y,0,0,0,0,0,0,,,,0,6,2010,WD,Normal,136338.475
130,1591,20,RL,64.0,6410,Pave,,Reg,HLS,AllPub,Inside,Gtl,Edwards,Norm,Norm,1Fam,1Story,4,5,1958,1958,Hip,CompShg,WdShing,Wd Shng,,0.0,TA,TA,CBlock,TA,TA,No,Unf,0.0,Unf,0.0,960.0,960.0,GasA,Ex,Y,SBrkr,960,0,0,960,0.0,0.0,1,0,3,1,TA,5,Typ,0,,,,,0.0,0.0,,,Y,0,0,0,0,0,0,,MnPrv,,0,5,2010,WD,Normal,99907.25
131,1592,30,RL,67.0,4853,Pave,,Reg,Bnk,AllPub,Inside,Gtl,SWISU,Artery,Norm,1Fam,1Story,5,6,1924,1999,Gable,CompShg,MetalSd,VinylSd,BrkFace,203.0,TA,TA,BrkTil,TA,TA,Mn,Rec,133.0,Unf,0.0,974.0,1107.0,GasA,Fa,N,FuseA,1296,0,0,1296,0.0,0.0,2,0,2,1,Fa,5,Typ,1,Gd,Detchd,1979.0,Unf,1.0,260.0,TA,TA,Y,0,0,36,0,0,0,,MnPrv,,0,5,2010,WD,Normal,133237.37
132,1593,30,RL,,7890,Pave,,Reg,Lvl,AllPub,Corner,Gtl,SWISU,Norm,Norm,1Fam,1Story,6,6,1939,1950,Gable,CompShg,Wd Sdng,Wd Sdng,,0.0,TA,TA,CBlock,TA,TA,No,Rec,238.0,Unf,0.0,618.0,856.0,GasA,TA,Y,SBrkr,856,0,0,856,1.0,0.0,1,0,2,1,TA,4,Typ,1,Gd,Detchd,1939.0,Unf,2.0,399.0,TA,TA,Y,0,0,0,0,166,0,,,,0,3,2010,WD,Normal,122932.635
133,1594,90,RH,60.0,7200,Pave,Pave,Reg,Lvl,AllPub,Inside,Gtl,SWISU,Norm,Norm,Duplex,2Story,4,6,1967,1967,Flat,Tar&Grv,Plywood,CBlock,,0.0,TA,TA,Slab,,,,,0.0,,0.0,0.0,0.0,GasA,TA,Y,SBrkr,862,1788,0,2650,0.0,0.0,3,0,6,2,TA,10,Min2,0,,,,,0.0,0.0,,,Y,0,0,0,0,0,0,,,Shed,500,2,2010,WD,Normal,136440.37
134,1595,50,RL,51.0,9839,Pave,,Reg,Lvl,AllPub,Inside,Gtl,SWISU,Feedr,Norm,1Fam,1.5Fin,5,2,1931,1950,Gable,CompShg,VinylSd,VinylSd,,0.0,TA,TA,PConc,TA,Fa,No,Unf,0.0,Unf,0.0,894.0,894.0,GasA,Ex,Y,SBrkr,894,772,0,1666,1.0,0.0,1,0,3,1,TA,7,Typ,1,Gd,,,,0.0,0.0,,,N,0,156,0,0,0,0,,,,0,5,2010,WD,Normal,126596.06
135,1596,50,RL,78.0,10452,Pave,,IR1,Lvl,AllPub,Inside,Gtl,Crawfor,Norm,Norm,1Fam,1.5Fin,7,6,1941,1985,Gable,CompShg,Wd Sdng,Wd Sdng,BrkFace,371.0,Gd,Gd,BrkTil,Gd,TA,No,ALQ,426.0,BLQ,252.0,850.0,1528.0,GasA,Ex,Y,SBrkr,1225,908,0,2133,1.0,0.0,1,1,4,1,TA,8,Typ,2,TA,Attchd,1941.0,Unf,1.0,312.0,TA,TA,Y,0,0,86,0,0,0,,,,0,7,2010,WD,Normal,204380.535
136,1597,90,RL,78.0,15600,Pave,,Reg,Lvl,AllPub,Inside,Gtl,Crawfor,Norm,Norm,Duplex,2Story,5,6,1950,1991,Gable,CompShg,VinylSd,VinylSd,BrkFace,430.0,TA,Gd,CBlock,TA,TA,No,ALQ,375.0,Unf,0.0,657.0,1032.0,GasA,Ex,Y,SBrkr,1102,1075,0,2177,0.0,0.0,2,1,5,2,TA,11,Typ,0,,Detchd,1950.0,Unf,2.0,484.0,TA,TA,Y,0,0,0,0,0,0,,,,0,3,2010,WD,Normal,168778.65
137,1598,80,RL,85.0,19645,Pave,,IR1,Lvl,AllPub,FR2,Gtl,Crawfor,Norm,Norm,1Fam,SLvl,7,6,1994,2007,Gable,CompShg,VinylSd,VinylSd,BrkFace,44.0,TA,TA,PConc,Gd,TA,No,GLQ,343.0,Unf,0.0,80.0,423.0,GasA,Ex,Y,SBrkr,896,756,0,1652,1.0,0.0,2,1,3,1,Gd,6,Typ,0,,BuiltIn,1994.0,RFn,2.0,473.0,TA,TA,Y,0,0,0,0,0,0,,,,0,6,2010,WD,Normal,185342.14
138,1599,120,RM,35.0,3907,Pave,,IR1,HLS,AllPub,Inside,Mod,Blueste,Norm,Norm,TwnhsE,1Story,8,6,1989,1989,Gable,CompShg,HdBoard,HdBoard,,0.0,Gd,TA,CBlock,Gd,TA,Gd,GLQ,747.0,Unf,0.0,235.0,982.0,GasA,Gd,Y,SBrkr,1034,0,0,1034,1.0,0.0,1,0,1,1,Gd,4,Typ,1,TA,Attchd,1989.0,Fin,2.0,598.0,TA,TA,Y,141,36,0,0,0,0,,,,0,4,2010,WD,Normal,191226.215
139,1600,120,RM,35.0,3907,Pave,,IR1,HLS,AllPub,Inside,Mod,Blueste,Norm,Norm,TwnhsE,1Story,8,5,1989,1989,Gable,CompShg,HdBoard,HdBoard,,0.0,Gd,TA,CBlock,Gd,TA,Av,GLQ,76.0,Unf,0.0,1115.0,1191.0,GasA,Gd,Y,SBrkr,1191,0,0,1191,0.0,0.0,2,0,2,1,Gd,5,Typ,1,TA,Attchd,1989.0,Unf,2.0,531.0,TA,TA,Y,112,81,0,0,0,0,,,,0,3,2010,WD,Normal,194135.58
140,1601,30,RM,58.0,8154,Pave,,Reg,Lvl,AllPub,Inside,Gtl,IDOTRR,Norm,Norm,1Fam,1Story,2,5,1941,1950,Gable,CompShg,Wd Sdng,Wd Sdng,,0.0,TA,TA,BrkTil,TA,TA,No,BLQ,480.0,Unf,0.0,0.0,480.0,GasA,TA,Y,SBrkr,540,0,0,540,0.0,0.0,1,0,1,1,TA,4,Typ,0,,Detchd,1951.0,Unf,1.0,200.0,Fa,Fa,N,0,0,0,0,0,0,,,,0,4,2010,ConLw,Normal,91468.185
141,1602,50,RM,50.0,9140,Pave,,Reg,HLS,AllPub,Inside,Gtl,IDOTRR,Norm,Norm,1Fam,1.5Fin,6,5,1921,1975,Gable,CompShg,Wd Sdng,Wd Sdng,,0.0,TA,TA,BrkTil,TA,TA,Mn,BLQ,308.0,Unf,0.0,321.0,629.0,GasA,Fa,Y,SBrkr,727,380,0,1107,0.0,0.0,1,0,2,1,TA,5,Typ,0,,Detchd,1950.0,Unf,1.0,625.0,TA,TA,Y,0,56,0,0,200,0,,MnPrv,,0,4,2010,COD,Normal,120566.885
142,1603,30,C (all),66.0,8712,Grvl,,Reg,Lvl,AllPub,Corner,Gtl,IDOTRR,Norm,Norm,1Fam,1Story,4,7,1896,1950,Hip,CompShg,Wd Sdng,Wd Sdng,,0.0,Fa,Fa,CBlock,TA,TA,No,Unf,0.0,Unf,0.0,756.0,756.0,GasA,Gd,Y,SBrkr,952,0,0,952,0.0,0.0,1,0,3,1,TA,5,Typ,0,,Detchd,1896.0,RFn,1.0,330.0,TA,TA,N,0,0,265,0,0,0,,,,0,6,2010,WD,Alloca,111941.33
143,1604,120,RM,44.0,3811,Pave,,IR1,HLS,AllPub,Corner,Mod,Crawfor,Artery,Norm,TwnhsE,1Story,8,5,2004,2005,Hip,CompShg,CemntBd,CmentBd,Stone,186.0,Gd,TA,PConc,Ex,TA,Gd,GLQ,1373.0,Unf,0.0,221.0,1594.0,GasA,Ex,Y,SBrkr,1646,0,0,1646,1.0,1.0,2,0,2,1,Gd,5,Typ,1,Gd,Attchd,2004.0,Fin,2.0,525.0,TA,TA,Y,128,53,0,0,155,0,,,,0,5,2010,WD,Normal,277622.59
144,1605,60,RL,85.0,11050,Pave,,Reg,Lvl,AllPub,Inside,Gtl,Mitchel,Norm,Norm,1Fam,2Story,8,5,1998,1999,Gable,CompShg,VinylSd,VinylSd,,0.0,Gd,TA,PConc,Gd,TA,No,GLQ,615.0,Unf,0.0,434.0,1049.0,GasA,Ex,Y,SBrkr,1036,880,0,1916,1.0,0.0,2,1,3,1,Gd,8,Typ,1,TA,Attchd,1998.0,Unf,3.0,741.0,TA,TA,Y,0,70,0,0,0,0,,,,0,5,2010,WD,Normal,252611.125
145,1606,80,RL,74.0,9620,Pave,,Reg,Lvl,AllPub,Inside,Gtl,Mitchel,Norm,Norm,1Fam,SLvl,6,7,1977,1977,Gable,CompShg,Plywood,Plywood,,0.0,TA,TA,CBlock,TA,TA,No,ALQ,679.0,Unf,0.0,564.0,1243.0,GasA,TA,Y,SBrkr,1285,0,0,1285,0.0,1.0,2,0,3,1,Gd,6,Typ,1,Fa,Attchd,1977.0,Unf,2.0,473.0,TA,TA,Y,375,26,0,0,0,0,,GdPrv,Shed,80,5,2010,WD,Normal,162975.82
146,1607,90,RL,,12760,Pave,,IR1,Lvl,AllPub,Inside,Gtl,Mitchel,Norm,Norm,Duplex,1Story,6,5,1976,1976,Gable,CompShg,Plywood,Plywood,,0.0,TA,TA,CBlock,TA,TA,No,Unf,0.0,Unf,0.0,1958.0,1958.0,GasA,TA,Y,SBrkr,2048,0,0,2048,0.0,0.0,3,0,5,2,TA,9,Typ,0,,2Types,1976.0,Unf,2.0,776.0,TA,TA,Y,0,0,0,0,0,0,,,,0,3,2010,ConLD,Normal,172701.49
147,1608,20,RL,88.0,11896,Pave,,IR1,Lvl,AllPub,Corner,Gtl,Timber,Norm,Norm,1Fam,1Story,7,5,2008,2008,Gable,CompShg,VinylSd,VinylSd,Stone,60.0,Gd,TA,PConc,Gd,TA,No,GLQ,78.0,Unf,0.0,1258.0,1336.0,GasA,Ex,Y,SBrkr,1346,0,0,1346,1.0,0.0,2,0,3,1,Gd,6,Typ,1,TA,Attchd,2008.0,Fin,3.0,660.0,TA,TA,Y,100,48,0,0,0,0,,,,0,5,2010,WD,Normal,221248.35
148,1609,20,RL,73.0,9803,Pave,,Reg,Lvl,AllPub,Inside,Gtl,Timber,Norm,Norm,1Fam,1Story,7,5,2009,2010,Gable,CompShg,VinylSd,VinylSd,,0.0,Gd,TA,PConc,Gd,TA,No,Unf,0.0,Unf,0.0,1214.0,1214.0,GasA,Ex,Y,SBrkr,1214,0,0,1214,0.0,0.0,2,0,2,1,Gd,6,Typ,0,,Attchd,2010.0,RFn,2.0,520.0,TA,TA,Y,0,25,0,0,0,0,,,,0,1,2010,New,Partial,196763.995
149,1610,60,RL,73.0,9802,Pave,,Reg,Lvl,AllPub,Inside,Gtl,Timber,Norm,Norm,1Fam,2Story,5,5,2006,2007,Gable,CompShg,VinylSd,VinylSd,,0.0,TA,TA,PConc,Gd,TA,No,Unf,0.0,Unf,0.0,384.0,384.0,GasA,Gd,Y,SBrkr,744,700,0,1444,0.0,0.0,2,1,3,1,TA,7,Typ,0,,BuiltIn,2007.0,Fin,2.0,400.0,TA,TA,Y,100,0,0,0,0,0,,,,0,4,2010,WD,Normal,168830.9
150,1611,20,RL,85.0,15300,Pave,,Reg,Bnk,AllPub,Inside,Gtl,Mitchel,Norm,Norm,1Fam,1Story,5,5,1965,1977,Hip,CompShg,Plywood,HdBoard,,0.0,TA,TA,CBlock,TA,TA,No,Rec,42.0,Unf,0.0,1026.0,1068.0,GasA,TA,Y,SBrkr,1264,0,0,1264,1.0,0.0,1,0,2,1,TA,7,Typ,1,TA,Attchd,1965.0,Unf,2.0,528.0,TA,TA,Y,0,0,0,0,0,0,,,,0,6,2010,WD,Normal,151420.02
151,1612,20,RL,93.0,10114,Pave,,Reg,Lvl,AllPub,Inside,Gtl,Mitchel,Norm,Norm,1Fam,1Story,5,5,2004,2005,Gable,CompShg,VinylSd,VinylSd,,0.0,TA,TA,PConc,Ex,TA,Av,Unf,0.0,Unf,0.0,1430.0,1430.0,GasA,Ex,Y,SBrkr,1430,0,0,1430,0.0,0.0,2,0,3,1,Gd,7,Typ,0,,Attchd,2004.0,RFn,2.0,624.0,TA,TA,Y,0,0,0,0,0,0,,,,0,3,2010,WD,Normal,192058.28
152,1613,20,RL,,11875,Pave,,Reg,Lvl,AllPub,Inside,Gtl,Mitchel,Norm,Norm,1Fam,1Story,5,5,1999,1999,Gable,CompShg,VinylSd,VinylSd,,0.0,TA,TA,PConc,Gd,TA,No,Unf,0.0,Unf,0.0,1344.0,1344.0,GasA,Ex,Y,SBrkr,1344,0,0,1344,0.0,0.0,2,0,3,1,TA,7,Typ,1,Gd,Attchd,2001.0,Unf,2.0,686.0,TA,TA,Y,328,0,0,0,0,0,,,,0,6,2010,WD,Normal,182037.54
153,1614,120,RM,31.0,2394,Pave,,Reg,Low,AllPub,Inside,Mod,MeadowV,Norm,Norm,Twnhs,1Story,5,6,1973,1973,Gable,CompShg,CemntBd,CmentBd,,0.0,TA,TA,CBlock,Gd,TA,Gd,GLQ,915.0,Unf,0.0,30.0,945.0,GasA,Ex,Y,SBrkr,945,0,0,945,1.0,1.0,1,0,2,1,TA,5,Typ,1,Po,Attchd,1973.0,RFn,1.0,253.0,TA,TA,Y,174,0,56,0,108,0,,,,0,5,2010,WD,Normal,125641.955
154,1615,160,RM,21.0,1476,Pave,,Reg,Lvl,AllPub,Inside,Gtl,MeadowV,Norm,Norm,Twnhs,2Story,4,7,1970,1970,Gable,CompShg,CemntBd,CmentBd,,0.0,TA,TA,CBlock,TA,TA,No,GLQ,176.0,Unf,0.0,370.0,546.0,GasA,Ex,Y,SBrkr,546,546,0,1092,0.0,0.0,1,1,3,1,TA,5,Typ,0,,,,,0.0,0.0,,,Y,200,26,0,0,0,0,,,,0,3,2010,WD,Normal,95998.25
155,1616,160,RM,21.0,1900,Pave,,Reg,Lvl,AllPub,Inside,Gtl,MeadowV,Norm,Norm,TwnhsE,2Story,4,4,1970,1970,Gable,CompShg,CemntBd,CmentBd,,0.0,TA,TA,CBlock,TA,TA,No,Unf,0.0,Unf,0.0,546.0,546.0,GasA,Ex,Y,SBrkr,546,546,0,1092,0.0,0.0,1,1,3,1,TA,5,Typ,0,,,,,0.0,0.0,,,Y,0,0,0,0,0,0,,,,0,6,2010,WD,Normal,94053.75
156,1617,160,RM,21.0,1890,Pave,,Reg,Lvl,AllPub,Inside,Gtl,MeadowV,Norm,Norm,TwnhsE,2Story,4,6,1972,1972,Gable,CompShg,CemntBd,CmentBd,,0.0,TA,TA,CBlock,TA,TA,No,Rec,294.0,Unf,0.0,252.0,546.0,GasA,TA,Y,SBrkr,546,546,0,1092,0.0,0.0,1,1,3,1,TA,5,Typ,0,,Attchd,1972.0,Unf,1.0,286.0,TA,TA,Y,0,0,64,0,0,0,,,,0,6,2010,WD,Normal,94081.75
157,1618,20,RL,50.0,6953,Pave,,Reg,Lvl,AllPub,Inside,Gtl,Mitchel,Norm,Norm,1Fam,1Story,5,7,1971,2004,Gable,CompShg,VinylSd,VinylSd,,0.0,TA,Gd,CBlock,TA,TA,No,ALQ,469.0,Unf,0.0,395.0,864.0,GasA,Ex,Y,SBrkr,874,0,0,874,0.0,0.0,1,0,3,1,TA,5,Typ,0,,Detchd,1971.0,Unf,1.0,352.0,TA,TA,Y,0,0,0,0,0,0,,,,0,6,2010,ConLD,Normal,126457.75
158,1619,20,RL,76.0,12887,Pave,,Reg,Lvl,AllPub,Inside,Gtl,Mitchel,Norm,Norm,1Fam,1Story,5,7,1984,1984,Gable,CompShg,VinylSd,VinylSd,,0.0,TA,TA,CBlock,Gd,TA,Mn,Rec,207.0,GLQ,590.0,36.0,833.0,GasA,TA,Y,SBrkr,833,0,0,833,1.0,0.0,1,0,2,1,Gd,5,Typ,0,,Attchd,1984.0,Unf,2.0,495.0,TA,TA,Y,431,0,0,0,0,0,,MnPrv,,0,4,2010,WD,Normal,142634.29
159,1620,90,RL,70.0,7700,Pave,,Reg,Lvl,AllPub,Inside,Gtl,Mitchel,Norm,Norm,Duplex,2Story,5,2,1985,1986,Gable,CompShg,HdBoard,HdBoard,,0.0,TA,Po,PConc,TA,TA,No,Unf,0.0,Unf,0.0,1216.0,1216.0,GasA,Gd,Y,SBrkr,1216,1216,0,2432,0.0,0.0,4,2,4,2,TA,10,Typ,0,,Attchd,1985.0,Unf,2.0,616.0,TA,Fa,Y,200,0,0,0,0,0,,,Shed,600,2,2010,WD,Normal,175387.905
160,1621,60,RL,63.0,10475,Pave,,Reg,Lvl,AllPub,Inside,Gtl,Mitchel,Norm,Norm,1Fam,2Story,5,5,1991,1991,Gable,CompShg,HdBoard,HdBoard,,0.0,TA,TA,PConc,Gd,TA,No,Rec,458.0,Unf,0.0,166.0,624.0,GasA,Gd,Y,SBrkr,624,650,0,1274,0.0,0.0,1,1,3,1,TA,6,Typ,0,,Detchd,1993.0,Unf,2.0,576.0,TA,TA,Y,22,0,0,0,0,0,,GdWo,,0,3,2010,WD,Normal,143557.735
161,1622,50,RL,68.0,10544,Pave,,IR1,Lvl,AllPub,Inside,Mod,Mitchel,Norm,Norm,1Fam,1.5Fin,5,5,1969,1969,Gable,CompShg,HdBoard,HdBoard,,0.0,TA,TA,CBlock,TA,TA,Av,BLQ,476.0,Unf,0.0,388.0,864.0,GasA,TA,Y,SBrkr,864,615,0,1479,0.0,0.0,2,0,5,1,TA,8,Typ,0,,Attchd,1969.0,Fin,1.0,275.0,TA,TA,Y,287,0,280,0,0,0,,,,0,4,2010,WD,Normal,141943.835
162,1623,20,RL,76.0,9892,Pave,,Reg,Lvl,AllPub,Inside,Mod,Mitchel,Norm,Norm,1Fam,1Story,8,5,1994,1995,Hip,CompShg,VinylSd,VinylSd,,0.0,Gd,Gd,PConc,Gd,Gd,Gd,GLQ,1341.0,LwQ,284.0,54.0,1679.0,GasA,Ex,Y,SBrkr,1803,0,0,1803,1.0,1.0,2,1,3,1,Gd,6,Typ,2,TA,Attchd,1994.0,Unf,2.0,482.0,TA,TA,Y,129,64,222,0,0,0,,GdWo,,0,2,2010,WD,Normal,273340.035
163,1624,60,RL,74.0,12961,Pave,,Reg,Lvl,AllPub,Inside,Gtl,Mitchel,Norm,Norm,1Fam,2Story,6,5,1993,1994,Gable,CompShg,VinylSd,VinylSd,,0.0,Gd,Gd,PConc,Gd,TA,Mn,GLQ,944.0,Unf,0.0,208.0,1152.0,GasA,Ex,Y,SBrkr,1152,645,0,1797,1.0,0.0,2,1,3,1,Gd,7,Typ,1,Fa,Attchd,1993.0,Fin,2.0,616.0,TA,TA,Y,162,312,0,0,0,0,,,,0,3,2010,WD,Normal,225264.835
164,1625,20,RL,74.0,13008,Pave,,IR1,Lvl,AllPub,Inside,Gtl,NAmes,Norm,Norm,1Fam,1Story,6,5,1956,1956,Gable,CompShg,MetalSd,MetalSd,,0.0,TA,TA,CBlock,Fa,Fa,No,Rec,564.0,Unf,0.0,318.0,882.0,GasA,TA,Y,SBrkr,882,0,0,882,0.0,0.0,1,0,2,1,TA,5,Typ,0,,Attchd,1956.0,Unf,1.0,502.0,TA,TA,Y,0,0,0,0,0,0,,,,0,10,2009,WD,Normal,126236.0
165,1626,20,RL,85.0,10200,Pave,,Reg,Lvl,AllPub,Inside,Gtl,NAmes,Norm,Norm,1Fam,1Story,6,5,1974,1974,Hip,CompShg,Plywood,Plywood,BrkFace,440.0,TA,TA,CBlock,TA,TA,No,LwQ,844.0,Unf,0.0,590.0,1434.0,GasA,TA,Y,SBrkr,1434,0,0,1434,1.0,0.0,2,0,4,1,TA,7,Typ,1,Gd,Attchd,1974.0,RFn,2.0,528.0,TA,TA,Y,80,21,0,0,0,0,,,,0,6,2009,WD,Normal,166981.25
166,1627,60,RL,88.0,10179,Pave,,IR1,Lvl,AllPub,Corner,Gtl,Gilbert,Norm,Norm,1Fam,2Story,6,5,1997,1997,Gable,CompShg,VinylSd,VinylSd,,0.0,TA,TA,PConc,Gd,TA,No,ALQ,847.0,Unf,0.0,98.0,945.0,GasA,Ex,Y,SBrkr,945,663,0,1608,0.0,0.0,2,1,3,1,TA,7,Typ,1,TA,Attchd,1997.0,Fin,2.0,470.0,TA,TA,Y,252,30,0,0,0,0,,,,0,7,2009,WD,Normal,191926.23
167,1628,60,RL,,11792,Pave,,IR1,Lvl,AllPub,Inside,Gtl,Gilbert,Norm,Norm,1Fam,2Story,8,5,2003,2003,Gable,CompShg,VinylSd,VinylSd,BrkFace,188.0,Gd,TA,PConc,Gd,TA,Gd,GLQ,850.0,Unf,0.0,158.0,1008.0,GasA,Ex,Y,SBrkr,1008,1275,0,2283,0.0,0.0,2,1,4,1,Gd,9,Typ,1,Gd,BuiltIn,2003.0,Fin,3.0,632.0,TA,TA,Y,120,46,0,0,0,0,,,,0,8,2009,WD,Normal,273739.995
168,1629,80,RL,60.0,8400,Pave,,Reg,Lvl,AllPub,Inside,Gtl,Gilbert,Norm,Norm,1Fam,SLvl,7,5,1996,1997,Gable,CompShg,HdBoard,HdBoard,BrkFace,32.0,TA,TA,PConc,Gd,TA,No,GLQ,284.0,Unf,0.0,100.0,384.0,GasA,Gd,Y,SBrkr,958,670,0,1628,0.0,0.0,2,1,3,1,TA,7,Typ,1,TA,BuiltIn,1996.0,Fin,2.0,390.0,TA,TA,Y,48,72,0,0,0,0,,,Shed,490,6,2009,WD,Normal,175913.36
169,1630,120,RL,28.0,7296,Pave,,IR1,Lvl,AllPub,CulDSac,Gtl,StoneBr,Norm,Norm,TwnhsE,1Story,8,5,2004,2005,Gable,CompShg,CemntBd,CmentBd,,0.0,Gd,TA,PConc,Ex,TA,Av,GLQ,1965.0,Unf,0.0,243.0,2208.0,GasA,Ex,Y,SBrkr,2522,0,0,2522,1.0,0.0,2,0,1,1,Gd,8,Typ,1,Gd,Attchd,2004.0,Fin,2.0,564.0,TA,TA,Y,182,57,0,0,0,0,,,,0,11,2009,WD,Normal,313718.745
170,1631,120,RL,61.0,7380,Pave,,IR1,Lvl,AllPub,Corner,Gtl,StoneBr,Norm,Norm,1Fam,1Story,8,5,1998,1998,Gable,CompShg,CemntBd,CmentBd,,0.0,TA,TA,PConc,Gd,TA,Av,GLQ,341.0,Unf,0.0,1077.0,1418.0,GasA,Ex,Y,SBrkr,1478,0,0,1478,1.0,0.0,2,0,2,1,TA,5,Typ,0,,Attchd,1998.0,Fin,2.0,495.0,TA,TA,Y,168,43,0,0,0,0,,,,0,7,2009,WD,Normal,205028.14
171,1632,120,RL,57.0,8013,Pave,,IR1,Lvl,AllPub,Corner,Gtl,StoneBr,Norm,Norm,TwnhsE,1Story,8,5,1995,1996,Gable,CompShg,CemntBd,CmentBd,,0.0,Gd,TA,PConc,Gd,TA,No,GLQ,741.0,Unf,0.0,846.0,1587.0,GasA,Ex,Y,SBrkr,1734,0,0,1734,1.0,0.0,2,0,2,1,Gd,6,Typ,0,,Attchd,1995.0,RFn,2.0,528.0,TA,TA,Y,52,50,0,0,0,0,,,,0,9,2009,WD,Normal,235203.65
172,1633,80,RL,57.0,8923,Pave,,IR1,Lvl,AllPub,Inside,Gtl,Gilbert,Norm,Norm,1Fam,SLvl,7,5,1998,1998,Gable,CompShg,VinylSd,VinylSd,,0.0,Gd,TA,PConc,Gd,TA,No,GLQ,189.0,Unf,0.0,195.0,384.0,GasA,Gd,Y,SBrkr,751,631,0,1382,0.0,0.0,2,1,3,1,TA,7,Typ,1,TA,BuiltIn,1998.0,Fin,2.0,396.0,TA,TA,Y,256,0,0,0,0,0,,,,0,2,2009,WD,Normal,180351.99
173,1634,60,RL,60.0,7500,Pave,,Reg,Lvl,AllPub,Inside,Gtl,Gilbert,Norm,Norm,1Fam,2Story,6,5,1998,1999,Gable,CompShg,VinylSd,VinylSd,,0.0,Gd,TA,PConc,Gd,TA,No,GLQ,476.0,Unf,0.0,476.0,952.0,GasA,Gd,Y,SBrkr,952,684,0,1636,1.0,0.0,2,1,3,1,TA,7,Typ,1,TA,Attchd,1998.0,Fin,2.0,440.0,TA,TA,Y,0,84,0,0,0,0,,,,0,10,2009,WD,Normal,190096.05
174,1635,60,RL,,8803,Pave,,IR1,Lvl,AllPub,Inside,Gtl,Gilbert,Norm,Norm,1Fam,2Story,6,5,1994,1995,Gable,CompShg,HdBoard,HdBoard,,0.0,TA,TA,PConc,Gd,TA,No,GLQ,600.0,Unf,0.0,107.0,707.0,GasA,Gd,Y,SBrkr,707,809,0,1516,1.0,0.0,2,1,3,1,Gd,7,Typ,1,TA,Attchd,1994.0,Fin,2.0,409.0,TA,TA,Y,0,46,0,0,0,0,,,,0,7,2009,WD,Normal,185147.375
175,1636,20,RL,58.0,7250,Pave,,Reg,Lvl,AllPub,Inside,Gtl,Gilbert,Norm,Norm,1Fam,1Story,6,5,1993,1993,Gable,CompShg,HdBoard,HdBoard,BrkFace,45.0,TA,TA,PConc,Gd,TA,No,Unf,0.0,Unf,0.0,1181.0,1181.0,GasA,Ex,Y,SBrkr,1190,0,0,1190,0.0,0.0,2,0,3,1,Gd,6,Typ,1,TA,Attchd,1993.0,Unf,2.0,430.0,TA,TA,Y,0,21,0,0,0,0,,,,0,11,2009,WD,Normal,170443.29
176,1637,60,RL,85.0,11900,Pave,,Reg,Lvl,AllPub,Inside,Gtl,Gilbert,Norm,Norm,1Fam,2Story,5,6,1977,1977,Gable,CompShg,HdBoard,Wd Sdng,BrkFace,157.0,TA,TA,PConc,Gd,TA,No,ALQ,400.0,Unf,0.0,722.0,1122.0,GasA,Ex,Y,SBrkr,946,988,0,1934,1.0,0.0,2,1,3,1,TA,6,Typ,1,TA,Attchd,1977.0,Unf,2.0,567.0,TA,TA,P,0,176,0,0,200,0,,,,0,7,2009,WD,Normal,188011.545
177,1638,60,RL,,13250,Pave,,IR1,Lvl,AllPub,Inside,Gtl,NWAmes,RRNn,Norm,1Fam,2Story,7,6,1978,1978,Gable,CompShg,HdBoard,HdBoard,BrkFace,256.0,TA,TA,CBlock,Gd,TA,No,Unf,0.0,Unf,0.0,832.0,832.0,GasA,TA,Y,SBrkr,1154,896,0,2050,0.0,0.0,2,1,4,1,Gd,8,Typ,1,TA,Attchd,1978.0,RFn,2.0,529.0,TA,TA,Y,192,192,0,0,0,0,,,,0,5,2009,WD,Abnorml,198832.78
178,1639,20,RL,80.0,10928,Pave,,Reg,Lvl,AllPub,Inside,Gtl,NWAmes,Norm,Norm,1Fam,1Story,6,6,1978,1986,Gable,CompShg,VinylSd,VinylSd,BrkFace,101.0,TA,TA,PConc,TA,TA,No,LwQ,363.0,Unf,0.0,1064.0,1427.0,GasA,TA,Y,SBrkr,1671,0,0,1671,0.0,0.0,2,0,3,1,TA,7,Typ,1,TA,Attchd,1978.0,RFn,2.0,484.0,TA,TA,Y,252,55,0,0,0,0,,,,0,8,2009,WD,Normal,180129.85
179,1640,60,RL,,12388,Pave,,IR1,Lvl,AllPub,Inside,Gtl,NWAmes,Norm,Norm,1Fam,2Story,7,7,1980,1991,Gable,CompShg,Plywood,Plywood,BrkFace,229.0,TA,TA,CBlock,Gd,TA,No,ALQ,602.0,Unf,0.0,441.0,1043.0,GasA,TA,Y,SBrkr,1539,1134,0,2673,0.0,0.0,2,1,4,1,Gd,9,Typ,1,TA,BuiltIn,1980.0,RFn,2.0,441.0,TA,TA,Y,178,84,0,0,0,0,,,,0,8,2009,WD,Normal,230894.075
180,1641,20,RL,80.0,11088,Pave,,Reg,Lvl,AllPub,Inside,Gtl,NWAmes,Norm,Norm,1Fam,1Story,6,5,1978,1998,Gable,CompShg,HdBoard,HdBoard,BrkFace,144.0,TA,TA,PConc,TA,TA,No,ALQ,832.0,Unf,0.0,308.0,1140.0,GasA,Gd,Y,SBrkr,1707,0,0,1707,0.0,0.0,2,0,3,1,TA,7,Typ,1,TA,Attchd,1978.0,Fin,2.0,479.0,TA,TA,Y,0,0,0,0,0,0,,,,0,5,2009,WD,Normal,178551.09
181,1642,60,FV,70.0,7000,Pave,,Reg,Lvl,AllPub,Inside,Gtl,Somerst,Norm,Norm,1Fam,2Story,7,5,2003,2003,Gable,CompShg,CemntBd,CmentBd,,0.0,Gd,TA,PConc,Gd,TA,Mn,GLQ,622.0,Unf,0.0,304.0,926.0,GasA,Ex,Y,SBrkr,1016,868,0,1884,1.0,0.0,2,1,3,1,Ex,7,Typ,1,Ex,Attchd,2003.0,RFn,2.0,581.0,TA,TA,Y,0,35,0,0,0,0,,,,0,6,2009,WD,Normal,236286.56
182,1643,60,FV,,7500,Pave,,Reg,Lvl,AllPub,Inside,Gtl,Somerst,RRNn,Norm,1Fam,2Story,8,5,2000,2001,Gable,CompShg,VinylSd,VinylSd,,0.0,Gd,TA,PConc,Gd,TA,No,Unf,0.0,Unf,0.0,1058.0,1058.0,GasA,Ex,Y,SBrkr,1058,816,0,1874,0.0,0.0,2,1,3,1,Gd,7,Typ,1,TA,Attchd,2000.0,Fin,2.0,588.0,TA,TA,Y,0,134,0,0,0,0,,,,0,3,2009,WD,Normal,222640.71
183,1644,60,FV,,8470,Pave,,Reg,Lvl,AllPub,Corner,Gtl,Somerst,Norm,Norm,1Fam,2Story,8,5,2002,2002,Gable,CompShg,VinylSd,VinylSd,,0.0,Gd,TA,PConc,Gd,TA,No,GLQ,225.0,ALQ,276.0,471.0,972.0,GasA,Ex,Y,SBrkr,972,839,0,1811,0.0,0.0,2,1,3,1,Gd,7,Typ,1,Gd,Attchd,2002.0,RFn,2.0,565.0,TA,TA,Y,225,48,0,0,0,0,,,,0,10,2009,WD,Normal,228531.845
184,1645,20,RL,,9373,Pave,,IR1,Lvl,AllPub,CulDSac,Gtl,NWAmes,PosN,Norm,1Fam,1Story,5,7,1975,1975,Gable,CompShg,HdBoard,HdBoard,BrkFace,161.0,TA,TA,CBlock,Gd,TA,Av,ALQ,1333.0,LwQ,168.0,120.0,1621.0,GasA,TA,Y,SBrkr,1621,0,0,1621,1.0,0.0,2,0,3,1,TA,7,Typ,2,Fa,Attchd,1975.0,RFn,2.0,478.0,TA,TA,Y,0,0,0,0,490,0,,,,0,6,2009,WD,Normal,187326.57
185,1646,20,RL,78.0,10140,Pave,,Reg,Lvl,AllPub,Inside,Gtl,NWAmes,Norm,Norm,1Fam,1Story,6,6,1974,1974,Hip,CompShg,Plywood,Plywood,BrkFace,196.0,TA,TA,CBlock,TA,TA,No,ALQ,888.0,Unf,0.0,228.0,1116.0,GasA,Ex,Y,SBrkr,1116,0,0,1116,1.0,0.0,2,0,3,1,TA,6,Typ,1,TA,Attchd,1974.0,RFn,2.0,528.0,TA,TA,Y,0,0,0,0,0,0,,GdWo,,0,4,2009,WD,Normal,156309.87
186,1647,20,RL,85.0,11050,Pave,,IR1,Lvl,AllPub,Corner,Gtl,NWAmes,Norm,Norm,1Fam,1Story,7,5,1975,1975,Gable,CompShg,Plywood,Plywood,,0.0,TA,TA,CBlock,TA,TA,No,ALQ,636.0,Unf,0.0,540.0,1176.0,GasA,Fa,Y,SBrkr,1193,0,0,1193,0.0,0.0,2,0,3,1,TA,5,Typ,1,TA,Attchd,1975.0,Unf,2.0,506.0,TA,TA,Y,40,0,0,0,0,0,,,,0,8,2009,WD,Normal,160479.205
187,1648,20,RL,,7830,Pave,,IR1,Lvl,AllPub,Inside,Gtl,NAmes,Norm,Norm,1Fam,1Story,5,5,1970,1970,Gable,CompShg,HdBoard,HdBoard,,0.0,TA,TA,CBlock,TA,TA,No,Unf,0.0,Unf,0.0,1180.0,1180.0,GasA,TA,Y,SBrkr,1180,0,0,1180,0.0,0.0,1,1,2,1,TA,6,Typ,0,,Attchd,1970.0,RFn,2.0,477.0,TA,TA,Y,0,45,0,0,0,0,,,,0,3,2009,COD,Normal,138749.25
188,1649,20,RL,,8510,Pave,,IR1,Lvl,AllPub,Inside,Gtl,NAmes,Norm,Norm,1Fam,1Story,5,7,1971,1971,Gable,CompShg,Plywood,Plywood,BrkFace,178.0,TA,TA,CBlock,Gd,TA,No,ALQ,500.0,Unf,0.0,543.0,1043.0,GasA,Ex,Y,SBrkr,1050,0,0,1050,1.0,0.0,1,1,3,1,TA,6,Typ,0,,Attchd,1971.0,Unf,1.0,336.0,TA,TA,Y,0,0,0,0,0,0,,,,0,7,2009,WD,Normal,138941.56
189,1650,20,RL,60.0,7038,Pave,,Reg,Lvl,AllPub,Inside,Gtl,NAmes,Norm,Norm,1Fam,1Story,4,6,1970,1970,Gable,CompShg,VinylSd,VinylSd,,0.0,TA,TA,CBlock,TA,TA,No,ALQ,726.0,Unf,0.0,138.0,864.0,GasA,TA,Y,SBrkr,864,0,0,864,1.0,0.0,1,0,3,1,TA,5,Typ,0,,Detchd,2001.0,Unf,2.0,576.0,TA,TA,Y,210,0,0,0,0,0,,GdPrv,,0,9,2009,WD,Abnorml,125288.175
190,1651,20,RL,60.0,9000,Pave,,Reg,Lvl,AllPub,FR2,Gtl,NAmes,Norm,Norm,1Fam,1Story,4,7,1971,2006,Gable,CompShg,VinylSd,VinylSd,,0.0,TA,Gd,CBlock,TA,TA,No,ALQ,240.0,Unf,0.0,624.0,864.0,GasA,Gd,Y,SBrkr,864,0,0,864,0.0,0.0,1,0,3,1,TA,5,Typ,0,,Detchd,1986.0,Unf,2.0,576.0,TA,TA,Y,200,0,0,0,0,0,,GdWo,,0,7,2009,WD,Normal,121100.165
191,1652,160,RM,21.0,1680,Pave,,Reg,Lvl,AllPub,Inside,Gtl,BrDale,Norm,Norm,Twnhs,2Story,6,5,1973,1973,Gable,CompShg,HdBoard,HdBoard,BrkFace,504.0,TA,TA,CBlock,TA,TA,No,BLQ,254.0,Unf,0.0,229.0,483.0,GasA,TA,Y,SBrkr,483,504,0,987,1.0,0.0,1,1,2,1,TA,5,Typ,0,,Detchd,1973.0,Unf,1.0,264.0,TA,TA,Y,0,0,0,0,0,0,,,,0,7,2009,WD,Normal,94653.0
192,1653,160,RM,21.0,1680,Pave,,Reg,Lvl,AllPub,Inside,Gtl,BrDale,Norm,Norm,Twnhs,2Story,6,6,1972,1972,Gable,CompShg,HdBoard,HdBoard,BrkFace,425.0,TA,TA,CBlock,TA,TA,No,Rec,110.0,LwQ,294.0,79.0,483.0,GasA,TA,Y,SBrkr,483,504,0,987,1.0,0.0,1,1,2,1,TA,5,Typ,0,,Detchd,1972.0,Unf,1.0,288.0,TA,TA,Y,0,0,0,0,0,0,,,,0,7,2009,WD,Normal,98563.765
193,1654,160,RL,24.0,2308,Pave,,Reg,Lvl,AllPub,FR2,Gtl,NPkVill,Norm,Norm,TwnhsE,2Story,6,5,1976,1976,Gable,CompShg,Plywood,Brk Cmn,,0.0,TA,TA,CBlock,Gd,TA,No,ALQ,306.0,Unf,0.0,498.0,804.0,GasA,TA,Y,SBrkr,804,744,0,1548,0.0,0.0,2,1,3,1,TA,7,Typ,1,TA,Detchd,1976.0,RFn,2.0,440.0,TA,TA,Y,108,0,0,0,0,0,,,,0,9,2009,WD,Normal,157104.285
194,1655,120,RL,24.0,2280,Pave,,Reg,Lvl,AllPub,FR2,Gtl,NPkVill,Norm,Norm,Twnhs,1Story,7,5,1975,1975,Gable,CompShg,Plywood,Brk Cmn,,0.0,TA,TA,CBlock,Gd,TA,No,ALQ,435.0,LwQ,622.0,0.0,1057.0,GasA,TA,Y,SBrkr,1055,0,0,1055,0.0,1.0,2,0,2,1,TA,4,Typ,1,Fa,Attchd,1975.0,RFn,2.0,440.0,TA,TA,Y,0,27,0,0,0,0,,,,0,8,2009,WD,Normal,147952.915
195,1656,160,RL,24.0,2349,Pave,,Reg,Lvl,AllPub,Inside,Gtl,NPkVill,Norm,Norm,Twnhs,2Story,6,5,1977,1977,Gable,CompShg,Plywood,Brk Cmn,,0.0,TA,TA,CBlock,Gd,TA,No,ALQ,389.0,Unf,0.0,466.0,855.0,GasA,TA,Y,SBrkr,855,601,0,1456,0.0,0.0,2,1,3,1,TA,6,Typ,1,TA,Attchd,1977.0,Unf,2.0,440.0,TA,TA,Y,0,28,0,0,0,0,,,,0,5,2009,WD,Normal,148289.985
196,1657,160,RL,24.0,2364,Pave,,Reg,Lvl,AllPub,Inside,Gtl,NPkVill,Norm,Norm,TwnhsE,2Story,6,5,1978,1978,Gable,CompShg,Plywood,Brk Cmn,,0.0,TA,TA,CBlock,Gd,TA,No,ALQ,320.0,Unf,0.0,484.0,804.0,GasA,TA,Y,SBrkr,804,744,0,1548,0.0,1.0,2,1,3,1,TA,7,Typ,1,TA,Detchd,1978.0,Unf,2.0,440.0,TA,TA,Y,108,0,0,0,0,0,,,,0,7,2009,WD,Normal,156743.035
197,1658,160,RL,24.0,2364,Pave,,Reg,Lvl,AllPub,Inside,Gtl,NPkVill,Norm,Norm,TwnhsE,2Story,6,5,1978,1978,Gable,CompShg,Plywood,Brk Cmn,,0.0,Gd,TA,CBlock,Gd,TA,No,ALQ,279.0,Unf,0.0,576.0,855.0,GasA,TA,Y,SBrkr,855,601,0,1456,0.0,0.0,2,1,3,1,TA,6,Typ,1,TA,Attchd,1978.0,Fin,2.0,440.0,TA,TA,Y,147,0,0,0,0,0,,,,0,4,2009,WD,Normal,158803.61
198,1659,120,RL,24.0,2104,Pave,,Reg,Lvl,AllPub,Inside,Gtl,NPkVill,Norm,Norm,TwnhsE,1Story,7,6,1976,1976,Gable,CompShg,Plywood,Brk Cmn,,0.0,TA,TA,CBlock,TA,TA,No,ALQ,536.0,Unf,0.0,300.0,836.0,GasA,TA,Y,SBrkr,836,0,0,836,0.0,1.0,1,0,2,1,TA,5,Typ,0,,Attchd,1976.0,Unf,1.0,345.0,TA,TA,Y,150,20,0,0,0,0,,,,0,10,2009,WD,Normal,129368.935
199,1660,20,RL,,10710,Pave,,Reg,Lvl,AllPub,Inside,Gtl,NAmes,Norm,Norm,1Fam,1Story,5,7,1966,2004,Hip,CompShg,HdBoard,HdBoard,BrkFace,165.0,Gd,TA,PConc,TA,TA,No,BLQ,644.0,Unf,0.0,220.0,864.0,GasA,Ex,Y,SBrkr,1120,0,0,1120,0.0,1.0,1,0,3,1,TA,5,Typ,1,TA,Attchd,1966.0,RFn,2.0,656.0,TA,TA,Y,0,162,0,0,0,0,,,Shed,1200,7,2009,WD,Normal,157971.675
200,1661,60,RL,110.0,14257,Pave,,Reg,Lvl,AllPub,Inside,Gtl,NridgHt,PosN,Norm,1Fam,2Story,9,5,2007,2007,Hip,CompShg,VinylSd,VinylSd,Stone,726.0,Ex,TA,PConc,Ex,TA,No,GLQ,1360.0,Unf,0.0,416.0,1776.0,GasA,Ex,Y,SBrkr,1794,978,0,2772,1.0,0.0,3,1,4,1,Ex,10,Typ,3,Gd,BuiltIn,2007.0,Fin,3.0,754.0,TA,TA,Y,135,64,0,0,0,0,,,,0,6,2009,WD,Normal,396726.365
201,1662,60,RL,95.0,12350,Pave,,Reg,Lvl,AllPub,Inside,Gtl,NridgHt,Norm,Norm,1Fam,2Story,9,5,2009,2009,Gable,CompShg,VinylSd,VinylSd,,0.0,Gd,TA,PConc,Ex,TA,No,GLQ,986.0,Unf,0.0,379.0,1365.0,GasA,Ex,Y,SBrkr,1365,1325,0,2690,1.0,0.0,2,1,3,1,Ex,8,Typ,1,Gd,Attchd,2009.0,RFn,3.0,864.0,TA,TA,Y,0,197,0,0,0,0,,,,0,7,2009,New,Partial,340813.39
202,1663,20,RL,95.0,12350,Pave,,Reg,Lvl,AllPub,Inside,Gtl,NridgHt,Norm,Norm,1Fam,1Story,9,5,2008,2008,Hip,CompShg,VinylSd,VinylSd,Stone,450.0,Ex,TA,PConc,Ex,TA,Av,GLQ,1232.0,Unf,0.0,788.0,2020.0,GasA,Ex,Y,SBrkr,2020,0,0,2020,1.0,0.0,2,0,3,1,Ex,7,Typ,1,Gd,Attchd,2008.0,RFn,3.0,896.0,TA,TA,Y,192,98,0,0,0,0,,,,0,5,2009,WD,Normal,368236.18
203,1664,20,RL,105.0,13693,Pave,,Reg,Lvl,AllPub,Inside,Gtl,NridgHt,PosA,PosA,1Fam,1Story,10,5,2007,2007,Hip,CompShg,VinylSd,VinylSd,Stone,472.0,Ex,TA,PConc,Ex,TA,Gd,GLQ,2288.0,Unf,0.0,342.0,2630.0,GasA,Ex,Y,SBrkr,2674,0,0,2674,2.0,0.0,2,1,2,1,Ex,8,Typ,2,Gd,Attchd,2007.0,Fin,3.0,762.0,TA,TA,Y,360,50,0,0,0,0,,,,0,3,2009,WD,Normal,395408.05
204,1665,20,RL,95.0,11578,Pave,,Reg,Lvl,AllPub,Inside,Gtl,NridgHt,Norm,Norm,1Fam,1Story,9,5,2008,2008,Gable,CompShg,VinylSd,VinylSd,Stone,302.0,Ex,TA,PConc,Ex,TA,No,Unf,0.0,Unf,0.0,1736.0,1736.0,GasA,Ex,Y,SBrkr,1736,0,0,1736,0.0,0.0,2,0,3,1,Ex,7,Typ,1,Gd,Attchd,2008.0,RFn,3.0,834.0,TA,TA,Y,319,90,0,0,0,0,,,,0,7,2009,WD,Normal,321688.96
205,1666,20,RL,129.0,16870,Pave,,IR1,Lvl,AllPub,FR3,Gtl,NridgHt,Norm,Norm,1Fam,1Story,8,5,2004,2005,Hip,CompShg,VinylSd,VinylSd,BrkFace,238.0,Gd,TA,PConc,Ex,TA,Gd,GLQ,1531.0,Unf,0.0,251.0,1782.0,GasA,Ex,Y,SBrkr,1782,0,0,1782,1.0,0.0,2,0,3,1,Gd,7,Typ,2,Gd,Attchd,2004.0,Fin,3.0,932.0,TA,TA,Y,99,82,0,0,0,0,,,,0,4,2009,WD,Normal,332345.755
206,1667,60,RL,59.0,23303,Pave,,IR3,Lvl,AllPub,CulDSac,Gtl,NridgHt,Norm,Norm,1Fam,2Story,8,5,2007,2007,Gable,CompShg,VinylSd,VinylSd,Stone,20.0,Gd,TA,PConc,Ex,TA,Av,GLQ,1230.0,Unf,0.0,278.0,1508.0,GasA,Ex,Y,SBrkr,1508,1012,0,2520,1.0,0.0,2,1,5,1,Ex,10,Typ,1,Gd,BuiltIn,2007.0,Fin,3.0,640.0,TA,TA,Y,192,273,0,0,0,0,,,,0,6,2009,WD,Family,336926.1
207,1668,20,RL,87.0,10367,Pave,,IR1,Lvl,AllPub,Inside,Gtl,NridgHt,Norm,Norm,1Fam,1Story,9,5,2008,2008,Hip,CompShg,VinylSd,VinylSd,Stone,284.0,Ex,TA,PConc,Ex,TA,Mn,GLQ,1015.0,Unf,0.0,724.0,1739.0,GasA,Ex,Y,SBrkr,1743,0,0,1743,1.0,0.0,2,0,3,1,Ex,8,Typ,1,Gd,Attchd,2008.0,RFn,3.0,927.0,TA,TA,Y,168,45,0,0,0,0,,,,0,6,2009,ConLI,Normal,339006.41
208,1669,20,RL,77.0,10872,Pave,,IR1,Lvl,AllPub,Inside,Gtl,NridgHt,Norm,Norm,1Fam,1Story,9,5,2006,2006,Gable,CompShg,VinylSd,VinylSd,Stone,122.0,Gd,TA,PConc,Ex,Gd,Av,GLQ,1037.0,Unf,0.0,467.0,1504.0,GasA,Ex,Y,SBrkr,1531,0,0,1531,1.0,0.0,2,0,2,1,Ex,6,Typ,1,Gd,Attchd,2006.0,Fin,3.0,700.0,TA,TA,Y,184,52,0,0,0,0,,,,0,2,2009,WD,Normal,294020.04
209,1670,20,RL,102.0,13514,Pave,,IR1,Lvl,AllPub,Corner,Gtl,NridgHt,Norm,Norm,1Fam,1Story,9,5,2008,2008,Hip,CompShg,VinylSd,VinylSd,,285.0,Ex,TA,PConc,Ex,TA,No,GLQ,1142.0,Unf,0.0,632.0,1774.0,GasA,Ex,Y,SBrkr,1808,0,0,1808,1.0,0.0,2,0,3,1,Ex,7,Typ,1,Gd,Attchd,2008.0,Fin,3.0,850.0,TA,TA,Y,200,26,0,0,0,0,,,,0,3,2009,WD,Normal,332240.225
210,1671,20,RL,90.0,12878,Pave,,IR1,Lvl,AllPub,Corner,Gtl,NridgHt,Norm,Norm,1Fam,1Story,7,5,2003,2004,Hip,CompShg,VinylSd,VinylSd,BrkFace,418.0,Gd,TA,PConc,Gd,TA,No,ALQ,1262.0,Unf,0.0,498.0,1760.0,GasA,Ex,Y,SBrkr,1760,0,0,1760,1.0,0.0,2,0,3,1,Gd,8,Typ,1,Gd,Attchd,2003.0,Fin,2.0,583.0,TA,TA,Y,165,190,0,0,0,0,,,,0,6,2009,WD,Normal,260369.04
211,1672,20,RL,110.0,15274,Pave,,IR1,Lvl,AllPub,Corner,Gtl,NridgHt,Norm,Norm,1Fam,1Story,9,5,2003,2003,Hip,CompShg,VinylSd,VinylSd,BrkFace,724.0,Gd,TA,PConc,Ex,TA,No,GLQ,1972.0,Unf,0.0,480.0,2452.0,GasA,Ex,Y,SBrkr,2452,0,0,2452,2.0,0.0,2,0,3,1,Ex,10,Typ,1,Gd,Attchd,2003.0,Fin,3.0,886.0,TA,TA,Y,0,116,0,0,0,0,,MnPrv,,0,7,2009,WD,Normal,383210.335
212,1673,60,RL,96.0,13262,Pave,,IR1,Lvl,AllPub,Inside,Gtl,NridgHt,Norm,Norm,1Fam,2Story,8,5,2003,2004,Gable,CompShg,VinylSd,VinylSd,Stone,186.0,Gd,TA,PConc,Gd,TA,No,Unf,0.0,Unf,0.0,1082.0,1082.0,GasA,Ex,Y,SBrkr,1105,1295,0,2400,0.0,0.0,3,1,4,1,Gd,10,Typ,1,Gd,BuiltIn,2003.0,Fin,3.0,730.0,TA,TA,Y,114,40,0,0,0,0,,,,0,6,2009,WD,Normal,295413.82
213,1674,20,RL,70.0,9658,Pave,,IR1,Lvl,AllPub,Inside,Gtl,NridgHt,Norm,Norm,1Fam,1Story,8,5,2006,2006,Gable,CompShg,VinylSd,VinylSd,Stone,383.0,Gd,TA,PConc,Gd,TA,No,Unf,0.0,Unf,0.0,1598.0,1598.0,GasA,Gd,Y,SBrkr,1606,0,0,1606,0.0,0.0,2,0,3,1,Gd,6,Typ,1,Gd,Attchd,2006.0,RFn,3.0,871.0,TA,TA,Y,230,60,0,0,0,0,,,,0,7,2009,WD,Normal,242848.41
214,1675,120,RL,47.0,6904,Pave,,IR1,Lvl,AllPub,Inside,Gtl,NridgHt,Norm,Norm,TwnhsE,1Story,6,5,2005,2005,Gable,CompShg,VinylSd,VinylSd,Stone,240.0,Gd,TA,PConc,Gd,TA,Av,ALQ,836.0,Unf,0.0,522.0,1358.0,GasA,Ex,Y,SBrkr,1358,0,0,1358,0.0,0.0,2,0,2,1,Gd,6,Typ,1,Gd,Attchd,2005.0,RFn,2.0,484.0,TA,TA,Y,192,36,0,0,0,0,,,,0,8,2009,WD,Normal,196475.385
215,1676,120,RL,34.0,5122,Pave,,IR1,Lvl,AllPub,Inside,Gtl,NridgHt,Norm,Norm,Twnhs,1Story,6,5,2005,2005,Gable,CompShg,VinylSd,VinylSd,Stone,135.0,Gd,TA,PConc,Gd,TA,Av,GLQ,881.0,Unf,0.0,425.0,1306.0,GasA,Ex,Y,SBrkr,1306,0,0,1306,1.0,0.0,2,0,1,1,Gd,5,Typ,1,Gd,Attchd,2005.0,RFn,2.0,624.0,TA,TA,Y,170,63,0,0,0,0,,,,0,3,2009,WD,Normal,201546.64
216,1677,120,RL,80.0,10307,Pave,,IR1,Lvl,AllPub,Inside,Gtl,NridgHt,Norm,Norm,TwnhsE,1Story,7,5,2007,2008,Gable,CompShg,VinylSd,VinylSd,Stone,176.0,Gd,TA,PConc,Gd,TA,No,GLQ,876.0,Unf,0.0,474.0,1350.0,GasA,Ex,Y,SBrkr,1358,0,0,1358,1.0,0.0,2,0,2,1,Gd,6,Typ,1,Gd,Attchd,2008.0,RFn,2.0,484.0,TA,TA,Y,192,26,0,0,0,0,,,,0,5,2009,WD,Normal,214269.66
217,1678,20,RL,100.0,14836,Pave,,IR1,HLS,AllPub,Inside,Mod,NridgHt,Norm,Norm,1Fam,1Story,10,5,2004,2005,Hip,CompShg,CemntBd,CmentBd,Stone,730.0,Ex,TA,PConc,Ex,TA,Gd,GLQ,2146.0,Unf,0.0,346.0,2492.0,GasA,Ex,Y,SBrkr,2492,0,0,2492,1.0,0.0,2,1,2,1,Ex,8,Typ,1,Ex,Attchd,2004.0,Fin,3.0,949.0,TA,TA,Y,226,235,0,0,0,0,,,,0,2,2009,WD,Abnorml,410460.35
218,1679,20,RL,117.0,15262,Pave,,IR1,Lvl,AllPub,Corner,Gtl,NridgHt,Norm,Norm,1Fam,1Story,8,5,2003,2004,Hip,CompShg,VinylSd,VinylSd,BrkFace,470.0,Gd,TA,PConc,Ex,TA,Gd,GLQ,1557.0,Unf,0.0,643.0,2200.0,GasA,Ex,Y,SBrkr,2200,0,0,2200,1.0,0.0,2,1,3,1,Ex,8,Typ,1,Gd,Attchd,2003.0,Fin,3.0,685.0,TA,TA,Y,208,55,0,0,0,0,,,,0,7,2009,WD,Normal,367840.205
219,1680,120,RL,44.0,7390,Pave,,IR1,Lvl,AllPub,Inside,Gtl,NridgHt,Norm,Norm,TwnhsE,1Story,9,5,2008,2009,Hip,CompShg,MetalSd,MetalSd,BrkFace,308.0,Ex,TA,PConc,Ex,TA,No,GLQ,800.0,Unf,0.0,1084.0,1884.0,GasA,Ex,Y,SBrkr,1884,0,0,1884,1.0,0.0,2,0,2,1,Ex,6,Typ,1,Gd,Attchd,2008.0,Fin,2.0,649.0,TA,TA,Y,231,90,0,0,0,0,,,,0,5,2009,New,Partial,319531.13
220,1681,120,RL,48.0,6472,Pave,,Reg,Lvl,AllPub,Inside,Gtl,NridgHt,Norm,Norm,TwnhsE,1Story,9,5,2008,2008,Hip,CompShg,VinylSd,VinylSd,BrkFace,500.0,Ex,TA,PConc,Ex,TA,No,Unf,0.0,Unf,0.0,1451.0,1451.0,GasA,Ex,Y,SBrkr,1456,0,0,1456,0.0,0.0,2,0,2,1,Ex,6,Typ,1,Gd,Attchd,2008.0,RFn,2.0,539.0,TA,TA,Y,192,42,0,0,0,0,,,,0,4,2009,WD,Normal,254503.075
221,1682,20,RL,129.0,16770,Pave,,Reg,Lvl,AllPub,Corner,Gtl,NridgHt,Norm,Norm,1Fam,1Story,8,5,2002,2003,Hip,CompShg,VinylSd,VinylSd,BrkFace,270.0,Gd,TA,PConc,Ex,TA,Gd,GLQ,1196.0,Unf,0.0,516.0,1712.0,GasA,Ex,Y,SBrkr,1712,0,0,1712,1.0,0.0,2,0,3,1,Gd,8,Typ,1,Gd,Attchd,2002.0,RFn,3.0,701.0,TA,TA,Y,218,183,0,0,0,0,,,,0,9,2009,WD,Normal,314937.06
222,1683,120,RL,48.0,3480,Pave,,Reg,Lvl,AllPub,Inside,Gtl,NridgHt,Norm,Norm,TwnhsE,1Story,7,5,2003,2003,Gable,CompShg,VinylSd,VinylSd,Stone,163.0,Gd,TA,PConc,Gd,TA,No,Unf,0.0,Unf,0.0,1405.0,1405.0,GasA,Ex,Y,SBrkr,1405,0,0,1405,0.0,0.0,2,0,2,1,Gd,6,Typ,1,TA,Attchd,2003.0,RFn,2.0,478.0,TA,TA,Y,148,36,0,0,0,0,,,,0,11,2009,WD,Normal,191992.12
223,1684,60,RL,63.0,10928,Pave,,Reg,Lvl,AllPub,Inside,Gtl,Gilbert,RRAn,Norm,1Fam,2Story,7,5,2005,2005,Gable,CompShg,VinylSd,VinylSd,,0.0,Gd,TA,PConc,Gd,Gd,No,Unf,0.0,Unf,0.0,728.0,728.0,GasA,Ex,Y,SBrkr,728,728,0,1456,0.0,0.0,2,1,3,1,Gd,8,Typ,1,Gd,Attchd,2005.0,Fin,2.0,390.0,TA,TA,Y,100,0,0,0,0,0,,,,0,6,2009,WD,Normal,181614.99
224,1685,60,RL,57.0,8918,Pave,,IR1,Lvl,AllPub,Inside,Gtl,Gilbert,Norm,Norm,1Fam,2Story,6,5,2005,2006,Gable,CompShg,VinylSd,VinylSd,,0.0,Gd,TA,PConc,Gd,TA,Av,Unf,0.0,Unf,0.0,745.0,745.0,GasA,Ex,Y,SBrkr,745,745,0,1490,0.0,0.0,2,1,3,1,Gd,7,Typ,1,Gd,Attchd,2005.0,Fin,2.0,392.0,TA,TA,Y,36,20,0,0,0,0,,,,0,7,2009,WD,Normal,178312.26
225,1686,120,RL,43.0,3182,Pave,,Reg,Lvl,AllPub,Inside,Gtl,Blmngtn,Norm,Norm,TwnhsE,1Story,7,5,2005,2006,Gable,CompShg,VinylSd,VinylSd,BrkFace,16.0,Gd,TA,PConc,Gd,TA,Av,GLQ,16.0,Unf,0.0,1204.0,1220.0,GasA,Ex,Y,SBrkr,1220,0,0,1220,0.0,0.0,2,0,2,1,Gd,5,Typ,1,Gd,Attchd,2005.0,Fin,2.0,397.0,TA,TA,Y,100,16,0,0,0,0,,,,0,8,2009,WD,Normal,171678.575
226,1687,80,RL,59.0,9434,Pave,,IR1,Lvl,AllPub,Inside,Gtl,Gilbert,Norm,Norm,1Fam,SLvl,7,5,2004,2005,Gable,CompShg,WdShing,Wd Shng,,0.0,Gd,TA,PConc,Gd,TA,Mn,Unf,0.0,Unf,0.0,384.0,384.0,GasA,Ex,Y,SBrkr,744,630,0,1374,0.0,0.0,2,1,3,1,Gd,6,Typ,1,Gd,BuiltIn,2004.0,Fin,2.0,400.0,TA,TA,Y,100,0,0,0,0,0,,,,0,8,2009,WD,Normal,179726.705
227,1688,60,RL,62.0,7984,Pave,,IR1,Lvl,AllPub,Inside,Gtl,Gilbert,Norm,Norm,1Fam,2Story,7,5,2004,2005,Gable,CompShg,VinylSd,VinylSd,BrkFace,200.0,Gd,TA,PConc,Gd,TA,No,Unf,0.0,Unf,0.0,868.0,868.0,GasA,Ex,Y,SBrkr,868,762,0,1630,0.0,0.0,2,1,3,1,Gd,7,Typ,1,Gd,BuiltIn,2004.0,Fin,2.0,436.0,TA,TA,Y,120,48,0,0,0,0,,,,0,9,2009,WD,Normal,198062.0
228,1689,60,RL,61.0,10125,Pave,,IR1,Lvl,AllPub,Inside,Gtl,Gilbert,Norm,Norm,1Fam,2Story,7,5,2004,2004,Gable,CompShg,VinylSd,VinylSd,,0.0,Gd,TA,PConc,Gd,TA,Mn,Unf,0.0,Unf,0.0,846.0,846.0,GasA,Ex,Y,SBrkr,846,748,0,1594,0.0,0.0,2,1,3,1,Gd,7,Typ,1,Gd,Attchd,2004.0,Fin,2.0,434.0,TA,TA,Y,300,48,0,0,0,0,,MnPrv,,0,7,2009,WD,Normal,196902.825
229,1690,60,RL,,8965,Pave,,IR1,Lvl,AllPub,Inside,Gtl,Gilbert,Norm,Norm,1Fam,2Story,7,5,2003,2003,Gable,CompShg,VinylSd,VinylSd,,0.0,Gd,TA,PConc,Gd,TA,No,GLQ,652.0,Unf,0.0,130.0,782.0,GasA,Ex,Y,SBrkr,806,683,0,1489,1.0,0.0,2,1,3,1,Gd,8,Typ,1,Gd,Attchd,2003.0,Fin,2.0,400.0,TA,TA,Y,0,75,0,0,0,0,,,,0,6,2009,WD,Normal,187407.245
230,1691,60,RL,,8174,Pave,,IR1,Lvl,AllPub,Inside,Gtl,Gilbert,Norm,Norm,1Fam,2Story,7,5,2003,2003,Gable,CompShg,VinylSd,VinylSd,,0.0,Gd,TA,PConc,Gd,TA,No,GLQ,494.0,Unf,0.0,204.0,698.0,GasA,Ex,Y,SBrkr,698,644,0,1342,1.0,0.0,2,1,3,1,Gd,7,Typ,1,TA,Attchd,2003.0,Fin,2.0,393.0,TA,TA,Y,100,56,0,0,0,0,,,,0,5,2009,WD,Normal,185689.31
231,1692,60,RL,,12891,Pave,,IR1,Lvl,AllPub,Corner,Gtl,Gilbert,Norm,Norm,1Fam,2Story,8,5,2002,2002,Gable,CompShg,VinylSd,VinylSd,,,Gd,TA,PConc,Ex,TA,No,GLQ,651.0,Unf,0.0,219.0,870.0,GasA,Ex,Y,SBrkr,878,1126,0,2004,1.0,0.0,2,1,4,1,Gd,8,Typ,1,Gd,BuiltIn,2002.0,Fin,3.0,644.0,TA,TA,Y,0,48,0,0,0,0,,,,0,7,2009,WD,Normal,267561.985
232,1693,80,RL,61.0,9734,Pave,,IR1,Lvl,AllPub,Inside,Gtl,Gilbert,RRAn,Norm,1Fam,SLvl,7,5,2004,2004,Gable,CompShg,VinylSd,VinylSd,,0.0,Gd,TA,PConc,Gd,TA,Mn,GLQ,241.0,Rec,113.0,30.0,384.0,GasA,Ex,Y,SBrkr,744,630,0,1374,0.0,0.0,2,1,3,1,Gd,7,Typ,0,,BuiltIn,2004.0,Fin,2.0,400.0,TA,TA,Y,0,0,0,0,0,0,,,,0,5,2009,WD,Normal,181609.94
233,1694,60,RL,42.0,8433,Pave,,IR1,Lvl,AllPub,Inside,Gtl,Gilbert,Norm,Norm,1Fam,2Story,6,5,2000,2000,Gable,CompShg,VinylSd,VinylSd,,0.0,TA,TA,PConc,Gd,TA,No,GLQ,683.0,Unf,0.0,111.0,794.0,GasA,Ex,Y,SBrkr,819,695,0,1514,1.0,0.0,2,1,3,1,TA,7,Typ,1,TA,Attchd,2000.0,Fin,2.0,394.0,TA,TA,Y,0,72,0,0,0,0,,,,0,6,2009,WD,Normal,183899.575
234,1695,80,RL,62.0,7750,Pave,,Reg,Lvl,AllPub,Inside,Gtl,Gilbert,Norm,Norm,1Fam,SLvl,7,5,1999,2000,Gable,CompShg,VinylSd,VinylSd,,0.0,TA,TA,PConc,Gd,TA,No,Unf,0.0,Unf,0.0,384.0,384.0,GasA,Ex,Y,SBrkr,774,656,0,1430,0.0,0.0,2,1,3,1,TA,7,Typ,1,TA,BuiltIn,1999.0,RFn,2.0,400.0,TA,TA,Y,0,0,0,0,0,0,,,,0,3,2009,WD,Normal,171797.06
235,1696,60,RL,,15896,Pave,,IR2,Lvl,AllPub,CulDSac,Gtl,Gilbert,RRNn,Norm,1Fam,2Story,7,5,1999,1999,Gable,CompShg,VinylSd,VinylSd,BrkFace,210.0,Gd,TA,PConc,Gd,TA,No,ALQ,913.0,Unf,0.0,264.0,1177.0,GasA,Ex,Y,SBrkr,1223,1089,0,2312,1.0,0.0,2,1,4,1,Gd,8,Typ,1,TA,BuiltIn,1999.0,Fin,3.0,658.0,TA,TA,Y,298,0,0,0,0,0,,,,0,5,2009,WD,Normal,269329.55
236,1697,80,RL,64.0,7848,Pave,,IR1,Lvl,AllPub,Inside,Gtl,Gilbert,Norm,Norm,1Fam,SLvl,7,6,1999,1999,Gable,CompShg,VinylSd,VinylSd,,0.0,TA,TA,PConc,TA,TA,No,Unf,0.0,Unf,0.0,384.0,384.0,GasA,Ex,Y,SBrkr,774,656,0,1430,0.0,0.0,2,1,3,1,TA,7,Typ,1,TA,BuiltIn,1999.0,Fin,2.0,410.0,TA,TA,Y,0,0,0,0,0,0,,,,0,6,2009,WD,Normal,170788.22
237,1698,60,RL,106.0,12720,Pave,,Reg,Lvl,AllPub,Inside,Gtl,NoRidge,Norm,Norm,1Fam,2Story,8,5,2000,2000,Gable,CompShg,VinylSd,VinylSd,BrkFace,150.0,Gd,TA,PConc,Gd,TA,Mn,GLQ,1173.0,Unf,0.0,282.0,1455.0,GasA,Ex,Y,SBrkr,1466,1221,0,2687,1.0,0.0,2,1,4,1,Gd,10,Typ,2,TA,BuiltIn,2000.0,RFn,3.0,810.0,TA,TA,Y,252,30,0,0,0,0,,,,0,9,2009,WD,Normal,309548.15
238,1699,20,RL,,10750,Pave,,IR1,Lvl,AllPub,CulDSac,Gtl,NoRidge,Norm,Norm,1Fam,1Story,8,5,1994,1995,Hip,CompShg,Wd Sdng,Wd Sdng,BrkFace,634.0,Gd,TA,PConc,Gd,TA,Av,BLQ,236.0,GLQ,1526.0,262.0,2024.0,GasA,Ex,Y,SBrkr,2063,0,0,2063,1.0,0.0,2,0,3,1,Gd,7,Typ,2,Gd,Attchd,1994.0,Fin,3.0,815.0,TA,TA,Y,182,56,0,0,0,0,,,,0,6,2009,WD,Normal,317982.88
239,1700,60,RL,79.0,9085,Pave,,Reg,Lvl,AllPub,Inside,Gtl,NoRidge,Norm,Norm,1Fam,2Story,7,5,1995,1996,Gable,CompShg,VinylSd,VinylSd,BrkFace,286.0,Gd,TA,PConc,Gd,TA,No,GLQ,816.0,Unf,0.0,254.0,1070.0,GasA,Ex,Y,SBrkr,1094,967,0,2061,1.0,0.0,2,1,3,1,Gd,7,Typ,1,TA,Attchd,1995.0,Fin,2.0,647.0,TA,TA,Y,296,102,209,0,0,0,,,,0,11,2009,WD,Normal,252925.255
240,1701,60,RL,,11692,Pave,,IR1,Lvl,AllPub,Inside,Gtl,NoRidge,Norm,Norm,1Fam,2Story,8,5,1993,1994,Gable,CompShg,HdBoard,HdBoard,BrkFace,372.0,Gd,TA,PConc,Gd,TA,No,GLQ,624.0,Unf,0.0,549.0,1173.0,GasA,Ex,Y,SBrkr,1215,1017,0,2232,1.0,0.0,2,1,3,1,Gd,8,Typ,1,TA,Attchd,1993.0,RFn,2.0,623.0,TA,TA,Y,173,165,0,0,0,0,,,,0,10,2009,WD,Normal,264979.85
241,1702,20,RL,86.0,11194,Pave,,IR1,Lvl,AllPub,Inside,Gtl,Somerst,PosN,Norm,1Fam,1Story,8,5,2008,2008,Gable,CompShg,VinylSd,VinylSd,Stone,240.0,Gd,TA,PConc,Gd,TA,Mn,Unf,0.0,Unf,0.0,1696.0,1696.0,GasA,Ex,Y,SBrkr,1696,0,0,1696,0.0,0.0,2,0,3,1,Gd,7,Typ,0,,Attchd,2008.0,RFn,3.0,972.0,TA,TA,Y,120,56,0,0,0,0,,,,0,9,2009,WD,Normal,251912.525
242,1703,20,RL,78.0,10206,Pave,,Reg,Lvl,AllPub,Inside,Gtl,Somerst,PosN,Norm,1Fam,1Story,8,5,2008,2008,Gable,CompShg,VinylSd,VinylSd,BrkFace,294.0,Gd,TA,PConc,Gd,TA,No,Unf,0.0,Unf,0.0,1614.0,1614.0,GasA,Ex,Y,SBrkr,1658,0,0,1658,0.0,0.0,2,1,3,1,Gd,7,Typ,1,Gd,Attchd,2008.0,Fin,3.0,726.0,TA,TA,Y,144,44,0,0,0,0,,,,0,9,2009,WD,Normal,249371.525
243,1704,20,RL,85.0,10130,Pave,,Reg,Lvl,AllPub,Inside,Gtl,Somerst,Norm,Norm,1Fam,1Story,8,5,2007,2007,Gable,CompShg,VinylSd,VinylSd,Stone,260.0,Gd,TA,PConc,Gd,TA,Av,GLQ,1294.0,Unf,0.0,408.0,1702.0,GasA,Ex,Y,SBrkr,1702,0,0,1702,1.0,0.0,2,0,3,1,Gd,7,Typ,1,Gd,Attchd,2007.0,RFn,3.0,844.0,TA,TA,Y,0,69,0,0,0,0,,,,0,3,2009,WD,Normal,274655.98
244,1705,20,RL,76.0,9139,Pave,,IR1,Lvl,AllPub,Inside,Gtl,Somerst,Norm,Norm,1Fam,1Story,8,5,2006,2006,Hip,CompShg,VinylSd,VinylSd,Stone,206.0,Gd,TA,PConc,Ex,TA,Av,GLQ,379.0,Unf,0.0,1043.0,1422.0,GasA,Ex,Y,SBrkr,1432,0,0,1432,0.0,0.0,2,0,3,1,Gd,7,Typ,1,Gd,Attchd,2006.0,Fin,2.0,492.0,TA,TA,Y,297,50,0,0,0,0,,,,0,9,2009,WD,Normal,244745.745
245,1706,20,RL,85.0,11128,Pave,,Reg,Lvl,AllPub,Corner,Gtl,Somerst,PosN,PosN,1Fam,1Story,9,5,2005,2006,Hip,CompShg,VinylSd,VinylSd,Stone,198.0,Ex,TA,PConc,Ex,TA,Gd,GLQ,2158.0,Unf,0.0,300.0,2458.0,GasA,Ex,Y,SBrkr,2490,0,0,2490,1.0,0.0,2,0,2,1,Ex,9,Typ,2,Gd,Attchd,2005.0,Fin,3.0,795.0,TA,TA,Y,70,226,0,0,0,0,,GdPrv,,0,10,2009,WD,Normal,377877.43
246,1707,20,FV,90.0,7993,Pave,,IR1,Lvl,AllPub,Inside,Gtl,Somerst,Norm,Norm,1Fam,1Story,7,5,2008,2009,Gable,CompShg,VinylSd,VinylSd,,,Gd,TA,PConc,Ex,TA,No,Unf,0.0,Unf,0.0,1436.0,1436.0,GasA,Ex,Y,SBrkr,1436,0,0,1436,0.0,0.0,2,0,3,1,Gd,6,Typ,0,,Attchd,2008.0,Fin,2.0,529.0,TA,TA,Y,0,121,0,0,0,0,,,,0,10,2009,New,Partial,225880.195
247,1708,20,FV,72.0,8640,Pave,,Reg,Lvl,AllPub,Inside,Gtl,Somerst,Norm,Norm,1Fam,1Story,7,5,2008,2008,Hip,CompShg,VinylSd,VinylSd,,0.0,Gd,TA,PConc,Gd,TA,No,Unf,0.0,Unf,0.0,1402.0,1402.0,GasA,Ex,Y,SBrkr,1402,0,0,1402,0.0,0.0,2,0,3,1,Gd,7,Typ,0,,Attchd,2008.0,RFn,2.0,625.0,TA,TA,Y,205,126,0,0,0,0,,,,0,5,2009,WD,Normal,212597.185
248,1709,20,FV,112.0,12606,Pave,,IR1,Lvl,AllPub,Inside,Gtl,Somerst,Norm,Norm,1Fam,1Story,9,5,2007,2008,Gable,CompShg,VinylSd,VinylSd,Stone,120.0,Gd,TA,PConc,Gd,TA,Av,Unf,0.0,Unf,0.0,1530.0,1530.0,GasA,Ex,Y,SBrkr,1530,0,0,1530,0.0,0.0,2,0,3,1,Gd,7,Typ,1,Gd,Attchd,2008.0,RFn,3.0,984.0,TA,TA,Y,212,136,0,0,0,0,,,,0,5,2009,WD,Normal,257765.975
249,1710,20,FV,75.0,7500,Pave,,Reg,Lvl,AllPub,Inside,Gtl,Somerst,Norm,Norm,1Fam,1Story,8,5,2006,2007,Gable,CompShg,VinylSd,VinylSd,Stone,238.0,Gd,TA,PConc,Gd,TA,No,GLQ,24.0,Unf,0.0,1348.0,1372.0,GasA,Ex,Y,SBrkr,1448,0,0,1448,0.0,0.0,2,0,2,1,Gd,6,Typ,1,Gd,Attchd,2006.0,RFn,2.0,692.0,TA,TA,Y,0,140,0,0,0,0,,,,0,6,2009,WD,Normal,225780.565
250,1711,60,FV,84.0,10603,Pave,,Reg,Lvl,AllPub,Inside,Gtl,Somerst,Norm,Norm,1Fam,2Story,8,5,2006,2006,Hip,CompShg,VinylSd,VinylSd,Stone,121.0,Gd,TA,PConc,Ex,Gd,No,GLQ,682.0,Unf,0.0,218.0,900.0,GasA,Ex,Y,SBrkr,909,886,0,1795,1.0,0.0,2,1,3,1,Gd,8,Typ,1,Gd,Attchd,2006.0,Fin,3.0,782.0,TA,TA,Y,168,45,0,0,0,0,,,,0,7,2009,WD,Normal,279895.965
251,1712,20,FV,65.0,8125,Pave,,Reg,Lvl,AllPub,Corner,Gtl,Somerst,Norm,Norm,1Fam,1Story,8,5,2008,2009,Hip,CompShg,VinylSd,VinylSd,BrkFace,288.0,Gd,TA,PConc,Gd,TA,No,Unf,0.0,Unf,0.0,1836.0,1836.0,GasA,Ex,Y,SBrkr,1836,0,0,1836,0.0,0.0,2,0,3,1,Gd,8,Typ,1,Gd,Attchd,2009.0,Fin,2.0,517.0,TA,TA,Y,0,175,0,0,0,0,,,,0,10,2009,New,Partial,253629.65
252,1713,20,FV,85.0,10625,Pave,,Reg,Lvl,AllPub,Inside,Gtl,Somerst,Norm,Norm,1Fam,1Story,7,5,2006,2007,Gable,CompShg,VinylSd,VinylSd,,0.0,Gd,TA,PConc,Gd,TA,No,GLQ,1430.0,Unf,0.0,222.0,1652.0,GasA,Ex,Y,SBrkr,1662,0,0,1662,1.0,0.0,2,0,3,1,Ex,8,Typ,1,Gd,Attchd,2006.0,RFn,3.0,711.0,TA,TA,Y,168,120,0,0,0,0,,,,0,3,2009,WD,Normal,269815.34
253,1714,20,FV,68.0,8736,Pave,,IR1,Lvl,AllPub,Inside,Gtl,Somerst,Norm,Norm,1Fam,1Story,7,5,2003,2004,Gable,CompShg,VinylSd,Wd Shng,,0.0,Gd,TA,PConc,Gd,TA,No,GLQ,771.0,ALQ,360.0,422.0,1553.0,GasA,Ex,Y,SBrkr,1553,0,0,1553,1.0,0.0,2,0,3,1,Gd,6,Typ,0,,Attchd,2003.0,RFn,2.0,588.0,TA,TA,Y,192,88,0,0,0,0,,,,0,8,2009,WD,Normal,216915.28
254,1715,60,FV,65.0,8127,Pave,,IR1,Lvl,AllPub,Inside,Gtl,Somerst,Norm,Norm,1Fam,2Story,7,5,2003,2003,Gable,CompShg,VinylSd,VinylSd,,0.0,Gd,TA,PConc,Gd,TA,No,GLQ,410.0,Unf,0.0,402.0,812.0,GasA,Ex,Y,SBrkr,812,841,0,1653,1.0,0.0,2,1,3,1,Gd,6,Typ,0,,Attchd,2003.0,RFn,2.0,628.0,TA,TA,Y,0,45,0,0,0,0,,,,0,3,2009,WD,Normal,203549.775
255,1716,20,RL,80.0,9605,Pave,,Reg,Lvl,AllPub,Corner,Gtl,SawyerW,Norm,Norm,1Fam,1Story,7,6,2007,2007,Gable,CompShg,VinylSd,VinylSd,,0.0,Gd,TA,PConc,Gd,TA,No,Unf,0.0,Unf,0.0,1218.0,1218.0,GasA,Ex,Y,SBrkr,1218,0,0,1218,0.0,0.0,1,1,3,1,Gd,6,Typ,0,,Detchd,2007.0,RFn,2.0,576.0,TA,TA,Y,0,178,0,0,0,0,,,,0,4,2009,WD,Normal,182930.08
256,1717,20,RL,63.0,7500,Pave,,Reg,Lvl,AllPub,Inside,Gtl,SawyerW,Norm,Norm,1Fam,1Story,7,5,2006,2006,Gable,CompShg,VinylSd,VinylSd,,0.0,Gd,TA,PConc,Gd,Gd,No,GLQ,54.0,Unf,0.0,1087.0,1141.0,GasA,Ex,Y,SBrkr,1141,0,0,1141,1.0,0.0,1,1,3,1,Gd,6,Typ,0,,Detchd,2006.0,RFn,2.0,484.0,TA,TA,Y,182,0,0,0,0,0,,,,0,6,2009,WD,Normal,168961.01
257,1718,20,RL,63.0,7500,Pave,,Reg,Lvl,AllPub,Inside,Gtl,SawyerW,Norm,Norm,1Fam,1Story,6,5,2004,2004,Gable,CompShg,VinylSd,VinylSd,,0.0,TA,TA,PConc,Gd,TA,No,Unf,0.0,Unf,0.0,1158.0,1158.0,GasA,Ex,Y,SBrkr,1158,0,0,1158,0.0,0.0,1,1,3,1,Gd,5,Typ,0,,,,,0.0,0.0,,,Y,0,50,0,0,0,0,,,,0,8,2009,WD,Normal,136692.945
258,1719,60,RL,96.0,10628,Pave,,IR1,Lvl,AllPub,Corner,Gtl,SawyerW,Norm,Norm,1Fam,2Story,7,5,2004,2004,Gable,CompShg,VinylSd,VinylSd,,0.0,Gd,TA,PConc,Gd,TA,Gd,Unf,0.0,Unf,0.0,835.0,835.0,GasA,Ex,Y,SBrkr,871,941,0,1812,0.0,0.0,2,1,3,1,Gd,8,Typ,0,,BuiltIn,2004.0,RFn,2.0,478.0,TA,TA,Y,146,91,0,0,0,0,,,,0,1,2009,WD,Normal,207406.41
259,1720,20,RL,76.0,10141,Pave,,IR1,Lvl,AllPub,Inside,Gtl,SawyerW,Norm,Norm,1Fam,1Story,8,5,2004,2004,Gable,Tar&Grv,VinylSd,VinylSd,BrkFace,264.0,Gd,TA,PConc,Gd,TA,Gd,BLQ,516.0,Rec,774.0,222.0,1512.0,GasA,Ex,Y,SBrkr,1512,0,0,1512,0.0,0.0,2,0,3,1,Gd,6,Typ,0,,Attchd,2004.0,RFn,3.0,845.0,TA,TA,Y,210,36,0,0,0,0,,,,0,1,2009,WD,Normal,241880.97
260,1721,20,RL,63.0,13072,Pave,,Reg,Lvl,AllPub,Inside,Gtl,SawyerW,RRAe,Norm,1Fam,1Story,7,5,2004,2005,Gable,CompShg,VinylSd,VinylSd,,0.0,Gd,TA,PConc,Gd,TA,No,Unf,0.0,Unf,0.0,1114.0,1114.0,GasA,Ex,Y,SBrkr,1114,0,0,1114,0.0,0.0,1,1,3,1,Gd,6,Typ,0,,Detchd,2005.0,Unf,2.0,576.0,TA,TA,Y,248,102,0,0,0,0,,,,0,5,2009,WD,Normal,170748.665
261,1722,20,RL,63.0,13072,Pave,,Reg,Lvl,AllPub,Inside,Gtl,SawyerW,RRAe,Norm,1Fam,1Story,5,5,2004,2004,Gable,CompShg,VinylSd,VinylSd,,0.0,TA,TA,PConc,Gd,TA,No,Unf,0.0,Unf,0.0,1114.0,1114.0,GasA,Ex,Y,SBrkr,1114,0,0,1114,0.0,0.0,1,1,3,1,Gd,6,Typ,0,,,,,0.0,0.0,,,Y,0,39,0,0,0,0,,,,0,8,2009,WD,Normal,134101.55
262,1723,20,RL,60.0,12450,Pave,,Reg,Lvl,AllPub,Inside,Gtl,SawyerW,RRAe,Norm,1Fam,1Story,5,5,2003,2004,Gable,CompShg,VinylSd,VinylSd,,0.0,TA,TA,PConc,Gd,TA,No,GLQ,836.0,Unf,0.0,278.0,1114.0,GasA,Ex,Y,SBrkr,1114,0,0,1114,1.0,0.0,2,0,3,1,Gd,6,Typ,0,,Detchd,2004.0,Unf,2.0,576.0,TA,TA,Y,0,42,0,0,0,0,,,,0,6,2009,WD,Normal,159018.91
263,1724,20,RL,61.0,7328,Pave,,Reg,Lvl,AllPub,Inside,Gtl,SawyerW,Norm,Norm,1Fam,1Story,7,5,2008,2009,Gable,CompShg,VinylSd,VinylSd,BrkFace,140.0,Gd,TA,PConc,Gd,TA,No,Unf,0.0,Unf,0.0,1450.0,1450.0,GasA,Ex,Y,SBrkr,1450,0,0,1450,0.0,0.0,2,0,2,1,Gd,6,Typ,0,,Attchd,2008.0,RFn,3.0,788.0,TA,TA,Y,0,93,0,0,0,0,,,,0,2,2009,New,Partial,218980.9
264,1725,60,RL,43.0,11492,Pave,,IR1,Lvl,AllPub,CulDSac,Gtl,SawyerW,Norm,Norm,1Fam,2Story,7,5,1996,1997,Gable,CompShg,VinylSd,VinylSd,BrkFace,132.0,Gd,TA,PConc,Gd,TA,No,GLQ,637.0,Unf,0.0,276.0,913.0,GasA,Ex,Y,SBrkr,913,1209,0,2122,1.0,0.0,2,1,4,1,Gd,8,Typ,1,TA,Attchd,1997.0,RFn,2.0,559.0,TA,TA,Y,0,74,0,0,0,0,,,,0,4,2009,WD,Normal,231227.685
265,1726,60,RL,70.0,7703,Pave,,Reg,Lvl,AllPub,Inside,Gtl,SawyerW,Norm,Norm,1Fam,2Story,6,6,1992,1992,Gable,CompShg,HdBoard,HdBoard,,0.0,Gd,Gd,PConc,Gd,Gd,No,GLQ,52.0,Rec,364.0,400.0,816.0,GasA,Ex,Y,SBrkr,833,897,0,1730,0.0,0.0,2,1,3,1,Gd,6,Typ,0,,Attchd,1992.0,RFn,2.0,528.0,TA,TA,Y,0,91,0,0,168,0,,,,0,11,2009,WD,Normal,197130.665
266,1727,120,RL,50.0,7175,Pave,,Reg,Lvl,AllPub,Inside,Gtl,SawyerW,Norm,Norm,TwnhsE,1Story,6,5,1990,1991,Gable,CompShg,Plywood,ImStucc,,0.0,Gd,TA,PConc,Gd,TA,No,Unf,0.0,Unf,0.0,1332.0,1332.0,GasA,Gd,Y,SBrkr,1332,0,0,1332,0.0,0.0,2,0,2,1,Gd,5,Typ,0,,Attchd,1990.0,RFn,2.0,542.0,TA,TA,Y,0,60,0,0,0,0,,,,0,2,2009,WD,Normal,181064.525
267,1728,60,RL,70.0,9109,Pave,,Reg,Lvl,AllPub,Inside,Gtl,SawyerW,RRAe,Norm,1Fam,2Story,7,5,1994,1994,Gable,CompShg,VinylSd,VinylSd,,0.0,Gd,TA,PConc,Gd,TA,No,LwQ,36.0,GLQ,596.0,122.0,754.0,GasA,Ex,Y,SBrkr,754,786,0,1540,1.0,0.0,2,1,3,1,Gd,6,Typ,0,,Attchd,1994.0,RFn,2.0,495.0,TA,TA,Y,140,32,0,0,0,0,,,,0,10,2009,WD,Normal,191491.565
268,1729,60,RL,,10274,Pave,,IR1,Lvl,AllPub,CulDSac,Gtl,SawyerW,Norm,Norm,1Fam,2Story,6,7,1986,1986,Gable,CompShg,VinylSd,VinylSd,BrkFace,141.0,TA,Gd,CBlock,Gd,TA,No,Rec,331.0,Unf,0.0,345.0,676.0,GasA,TA,Y,SBrkr,698,702,0,1400,0.0,0.0,2,1,3,1,TA,6,Typ,0,,Attchd,1986.0,RFn,2.0,465.0,TA,TA,Y,0,48,0,0,0,0,,,,0,7,2009,WD,Normal,167703.07
269,1730,90,RL,75.0,8250,Pave,,Reg,Lvl,AllPub,Inside,Gtl,SawyerW,Norm,Norm,Duplex,2Story,6,7,1981,1981,Gable,CompShg,Wd Sdng,Wd Shng,,0.0,TA,TA,Slab,,,,,0.0,,0.0,0.0,0.0,GasA,TA,Y,SBrkr,964,918,0,1882,0.0,0.0,2,0,4,2,TA,8,Typ,2,TA,Attchd,1981.0,Unf,2.0,612.0,TA,TA,Y,0,0,0,0,0,0,,,,0,5,2009,WD,Normal,159198.34
270,1731,20,RL,63.0,9750,Pave,,IR1,Lvl,AllPub,Inside,Gtl,Sawyer,Norm,Norm,1Fam,1Story,5,5,1962,1962,Hip,CompShg,HdBoard,Plywood,,0.0,TA,TA,CBlock,TA,TA,No,LwQ,68.0,BLQ,884.0,28.0,980.0,GasA,Gd,Y,SBrkr,980,0,0,980,1.0,0.0,1,0,3,1,TA,5,Typ,0,,Detchd,1969.0,Unf,2.0,400.0,TA,TA,Y,0,28,0,0,0,0,,MnPrv,,0,11,2009,WD,Normal,126086.87
271,1732,20,RL,,8499,Pave,,IR1,Lvl,AllPub,Corner,Gtl,Sawyer,Feedr,Norm,1Fam,1Story,5,6,1961,1961,Gable,CompShg,MetalSd,MetalSd,,0.0,TA,TA,CBlock,TA,TA,No,GLQ,660.0,Unf,0.0,204.0,864.0,GasA,Ex,Y,SBrkr,864,0,0,864,1.0,0.0,1,0,3,1,TA,5,Typ,0,,Detchd,1982.0,Unf,2.0,732.0,TA,TA,Y,0,312,0,0,0,0,,,,0,6,2009,WD,Normal,133745.25
272,1733,20,RL,,9079,Pave,,IR1,Lvl,AllPub,Inside,Gtl,Sawyer,Norm,Norm,1Fam,1Story,5,5,1961,1961,Gable,CompShg,Wd Sdng,Plywood,,0.0,TA,TA,CBlock,TA,TA,No,BLQ,864.0,Unf,0.0,0.0,864.0,GasA,TA,Y,SBrkr,864,0,0,864,0.0,0.0,1,0,2,1,TA,5,Typ,0,,Attchd,1961.0,Unf,1.0,440.0,TA,TA,Y,158,0,0,0,0,0,,,,0,7,2009,WD,Normal,121492.87
273,1734,20,RL,,9316,Pave,,IR1,Lvl,AllPub,Inside,Gtl,Sawyer,Norm,Norm,1Fam,1Story,5,5,1965,1965,Gable,CompShg,HdBoard,Plywood,,0.0,TA,TA,CBlock,TA,TA,No,Rec,544.0,Unf,0.0,480.0,1024.0,GasA,Gd,Y,SBrkr,1020,0,0,1020,0.0,0.0,2,0,3,1,TA,5,Typ,0,,Attchd,1965.0,Unf,1.0,288.0,TA,TA,Y,171,0,0,0,0,0,,MnPrv,,0,5,2009,Oth,Family,131567.26
274,1735,20,RL,,7791,Pave,,IR1,Lvl,AllPub,Inside,Gtl,Sawyer,RRAe,Norm,1Fam,1Story,5,8,1963,1995,Gable,CompShg,Plywood,Plywood,,0.0,Gd,Gd,CBlock,TA,TA,No,ALQ,624.0,Unf,0.0,288.0,912.0,GasA,Ex,Y,SBrkr,912,0,0,912,1.0,0.0,1,0,3,1,Gd,6,Typ,0,,Attchd,1963.0,RFn,1.0,300.0,TA,TA,Y,0,0,0,0,0,0,,GdWo,,0,10,2009,WD,Normal,137003.08
275,1736,20,RL,65.0,7150,Pave,,Reg,Lvl,AllPub,Inside,Gtl,Sawyer,Feedr,Norm,1Fam,1Story,5,6,1962,1962,Gable,CompShg,VinylSd,VinylSd,BrkFace,60.0,TA,TA,CBlock,TA,TA,No,LwQ,140.0,BLQ,590.0,182.0,912.0,GasA,Gd,Y,SBrkr,912,0,0,912,0.0,1.0,1,0,3,1,TA,6,Typ,0,,Attchd,1962.0,Unf,1.0,252.0,TA,TA,Y,0,0,0,0,0,0,,,,0,10,2009,WD,Normal,122258.91
276,1737,20,RL,,15676,Pave,,IR1,Low,AllPub,Inside,Gtl,Veenker,Norm,Norm,1Fam,1Story,8,8,1980,1980,Gable,CompShg,VinylSd,VinylSd,BrkFace,115.0,Gd,Gd,CBlock,Gd,Gd,Gd,ALQ,1733.0,Rec,92.0,189.0,2014.0,GasA,Gd,Y,SBrkr,2014,0,0,2014,1.0,0.0,2,0,2,1,Gd,6,Maj1,2,Gd,Attchd,1980.0,RFn,3.0,864.0,TA,TA,Y,462,0,0,255,0,0,,MnPrv,,0,4,2009,WD,Normal,297677.45
277,1738,60,RL,,11949,Pave,,Reg,Lvl,AllPub,Inside,Gtl,NoRidge,Norm,Norm,1Fam,2Story,7,8,1991,2008,Gable,CompShg,VinylSd,VinylSd,BrkFace,196.0,Gd,Gd,PConc,Gd,TA,No,GLQ,601.0,ALQ,216.0,158.0,975.0,GasA,Ex,Y,SBrkr,975,780,0,1755,0.0,1.0,2,1,3,1,Gd,7,Typ,1,TA,Attchd,1991.0,Unf,2.0,524.0,TA,TA,Y,502,60,0,0,0,0,,GdPrv,,0,7,2009,WD,Normal,224804.915
278,1739,160,FV,32.0,2880,Pave,Pave,Reg,Lvl,AllPub,Inside,Gtl,Somerst,Norm,Norm,Twnhs,2Story,7,5,2004,2005,Gable,CompShg,MetalSd,MetalSd,,0.0,Gd,TA,PConc,Gd,TA,No,Unf,0.0,Unf,0.0,1376.0,1376.0,GasA,Ex,Y,SBrkr,1376,1629,0,3005,0.0,0.0,2,1,3,1,Gd,9,Mod,1,TA,BuiltIn,2004.0,Fin,3.0,704.0,TA,TA,Y,0,177,0,0,0,0,,,,0,7,2009,WD,Normal,254391.19
279,1740,120,FV,,3830,Pave,Pave,IR1,Lvl,AllPub,Inside,Gtl,Somerst,Norm,Norm,TwnhsE,1Story,6,5,2008,2008,Gable,CompShg,VinylSd,VinylSd,Stone,280.0,Gd,TA,PConc,Gd,TA,No,Unf,0.0,Unf,0.0,1726.0,1726.0,GasA,Ex,Y,SBrkr,1726,0,0,1726,0.0,0.0,2,1,2,1,Gd,6,Typ,1,Gd,Attchd,2008.0,Fin,2.0,561.0,TA,TA,Y,0,254,0,0,0,0,,,,0,1,2009,New,Partial,234690.79
280,1741,120,FV,,4217,Pave,Pave,IR1,Lvl,AllPub,Inside,Gtl,Somerst,Norm,Norm,TwnhsE,1Story,6,5,2008,2008,Gable,CompShg,VinylSd,VinylSd,Stone,252.0,Gd,TA,PConc,Gd,TA,No,GLQ,962.0,Unf,0.0,183.0,1145.0,GasA,Ex,Y,SBrkr,1256,0,0,1256,1.0,0.0,1,1,1,1,Gd,5,Typ,1,Gd,Attchd,2008.0,Fin,2.0,641.0,TA,TA,Y,0,169,0,0,0,0,,,,0,3,2009,WD,Normal,200901.38
281,1742,160,FV,34.0,2998,Pave,,Reg,Lvl,AllPub,Inside,Gtl,Somerst,Norm,Norm,TwnhsE,2Story,6,5,2000,2000,Gable,CompShg,MetalSd,MetalSd,BrkFace,513.0,Gd,TA,PConc,Gd,TA,No,GLQ,507.0,Unf,0.0,249.0,756.0,GasA,Ex,Y,SBrkr,756,756,0,1512,1.0,0.0,2,1,2,1,Gd,4,Typ,0,,Detchd,2000.0,Unf,2.0,440.0,TA,TA,Y,0,32,0,0,0,0,,,,0,8,2009,WD,Normal,171420.335
282,1743,160,FV,35.0,3768,Pave,,Reg,Lvl,AllPub,FR2,Gtl,Somerst,Norm,Norm,TwnhsE,2Story,7,5,1999,1999,Hip,CompShg,MetalSd,MetalSd,BrkFace,218.0,Gd,TA,PConc,Gd,TA,No,GLQ,549.0,Unf,0.0,142.0,691.0,GasA,Ex,Y,SBrkr,713,739,0,1452,1.0,0.0,2,1,3,1,Gd,6,Typ,0,,Detchd,1999.0,Unf,2.0,506.0,TA,TA,Y,0,34,0,0,0,0,,,,0,9,2009,WD,Normal,167306.93
283,1744,20,RL,,14694,Pave,,IR1,Lvl,AllPub,Inside,Gtl,Veenker,Norm,Norm,1Fam,1Story,8,9,1977,2008,Gable,CompShg,MetalSd,MetalSd,BrkFace,450.0,Ex,Ex,CBlock,Gd,Gd,Gd,GLQ,1252.0,ALQ,136.0,306.0,1694.0,GasA,Ex,Y,SBrkr,1694,0,0,1694,1.0,0.0,2,0,2,1,Ex,5,Typ,1,Gd,Attchd,1977.0,Fin,2.0,642.0,TA,TA,Y,501,120,0,225,0,0,,,,0,6,2009,WD,Normal,272086.4
284,1745,20,RL,110.0,15417,Pave,,Reg,Lvl,AllPub,Inside,Gtl,Veenker,Norm,Norm,1Fam,1Story,7,5,1981,1981,Gable,CompShg,BrkFace,BrkFace,,0.0,Gd,TA,CBlock,Gd,TA,Mn,LwQ,121.0,Unf,0.0,1619.0,1740.0,GasA,TA,Y,SBrkr,1740,0,0,1740,0.0,0.0,1,1,2,1,Gd,7,Typ,0,,Attchd,1981.0,RFn,2.0,540.0,TA,TA,Y,228,20,218,0,0,0,,,,0,6,2009,WD,Normal,212932.24
285,1746,80,RL,80.0,9600,Pave,,Reg,Low,AllPub,FR2,Mod,Veenker,Feedr,Norm,1Fam,SLvl,8,5,1976,1976,Gable,CompShg,Plywood,Plywood,BrkFace,200.0,Gd,Gd,CBlock,TA,TA,No,Unf,0.0,Unf,0.0,392.0,392.0,GasA,Ex,Y,SBrkr,1487,1012,0,2499,0.0,0.0,2,1,4,1,TA,5,Typ,1,Gd,Attchd,1976.0,Unf,2.0,527.0,TA,TA,Y,0,64,0,0,0,0,,,,0,1,2009,WD,Abnorml,211492.41
286,1747,60,RL,,12732,Pave,,IR1,Lvl,AllPub,CulDSac,Gtl,NWAmes,PosN,Norm,1Fam,2Story,7,6,1974,1974,Gable,CompShg,VinylSd,VinylSd,,0.0,TA,TA,CBlock,TA,TA,Mn,GLQ,560.0,LwQ,42.0,150.0,752.0,GasA,TA,Y,SBrkr,1285,782,0,2067,0.0,0.0,2,1,3,1,Gd,7,Typ,2,TA,Attchd,1974.0,RFn,2.0,784.0,TA,TA,Y,297,40,0,0,0,0,,,,0,6,2009,WD,Normal,206774.24
287,1748,60,RL,80.0,10400,Pave,,Reg,Lvl,AllPub,Inside,Gtl,NWAmes,PosA,Norm,1Fam,2Story,6,7,1967,1997,Gable,CompShg,MetalSd,MetalSd,BrkFace,256.0,TA,TA,PConc,TA,TA,No,Unf,0.0,Unf,0.0,932.0,932.0,GasA,Gd,Y,SBrkr,1271,1369,0,2640,0.0,0.0,2,1,5,1,Gd,8,Typ,1,TA,Attchd,1967.0,RFn,2.0,515.0,TA,TA,Y,0,120,0,0,168,0,,,,0,5,2009,WD,Normal,218185.205
288,1749,20,RL,80.0,9600,Pave,,Reg,Lvl,AllPub,Inside,Gtl,NWAmes,Feedr,Norm,1Fam,1Story,5,5,1969,1969,Gable,CompShg,HdBoard,HdBoard,BrkFace,128.0,TA,TA,CBlock,Gd,TA,Mn,ALQ,553.0,Rec,147.0,588.0,1288.0,GasA,TA,Y,SBrkr,1336,0,0,1336,0.0,1.0,2,0,3,1,TA,6,Typ,1,Fa,Attchd,1969.0,RFn,2.0,502.0,TA,TA,Y,312,11,0,0,0,0,,,Shed,650,8,2009,WD,Normal,163188.135
289,1750,20,RL,75.0,9000,Pave,,Reg,Lvl,AllPub,Inside,Gtl,NWAmes,Feedr,Norm,1Fam,1Story,6,5,1969,1969,Gable,CompShg,HdBoard,HdBoard,BrkFace,200.0,TA,TA,CBlock,TA,TA,Av,BLQ,955.0,Unf,0.0,261.0,1216.0,GasA,TA,Y,SBrkr,1216,0,0,1216,1.0,0.0,1,0,3,1,TA,5,Typ,0,,Attchd,1969.0,Unf,1.0,336.0,TA,TA,Y,0,0,0,0,0,0,,MnPrv,,0,8,2009,WD,Abnorml,142095.5
290,1751,60,RL,,13774,Pave,,IR1,Lvl,AllPub,Inside,Gtl,NWAmes,Norm,Norm,1Fam,2Story,7,7,1977,1992,Hip,CompShg,HdBoard,HdBoard,BrkFace,283.0,TA,Gd,PConc,Gd,TA,No,GLQ,432.0,Unf,0.0,476.0,908.0,GasA,Ex,Y,SBrkr,1316,972,0,2288,0.0,0.0,1,2,4,1,Gd,8,Typ,2,TA,Attchd,1977.0,RFn,2.0,520.0,TA,TA,Y,321,72,0,0,156,0,,,,0,11,2009,WD,Normal,222313.98
291,1752,20,RL,62.0,7130,Pave,,Reg,Lvl,AllPub,Inside,Gtl,NAmes,Norm,Norm,1Fam,1Story,5,6,1967,1967,Gable,CompShg,HdBoard,HdBoard,,0.0,TA,TA,PConc,TA,TA,No,BLQ,648.0,Unf,0.0,216.0,864.0,GasA,TA,Y,SBrkr,864,0,0,864,0.0,1.0,1,0,2,1,TA,5,Typ,0,,Attchd,1967.0,Fin,1.0,312.0,TA,TA,Y,0,0,0,0,0,0,,GdPrv,,0,6,2009,WD,Normal,123171.25
292,1753,20,RL,80.0,9600,Pave,,Reg,Lvl,AllPub,Inside,Gtl,NAmes,Norm,Norm,1Fam,1Story,5,5,1967,1967,Hip,CompShg,HdBoard,HdBoard,,0.0,TA,TA,CBlock,TA,TA,No,Unf,0.0,Unf,0.0,1568.0,1568.0,GasA,TA,Y,SBrkr,1568,0,0,1568,0.0,0.0,1,1,3,1,TA,7,Typ,0,,Attchd,1967.0,Unf,2.0,440.0,TA,TA,Y,160,40,0,0,0,0,,,,0,3,2009,COD,Normal,148922.15
293,1754,60,RL,80.0,9600,Pave,,Reg,Lvl,AllPub,Inside,Gtl,NWAmes,Norm,Norm,1Fam,2Story,7,5,1974,1974,Gable,CompShg,Plywood,Plywood,BrkFace,252.0,TA,TA,CBlock,TA,TA,No,ALQ,698.0,Unf,0.0,467.0,1165.0,GasA,Gd,Y,SBrkr,1165,896,0,2061,0.0,1.0,2,1,4,1,TA,8,Typ,1,TA,Attchd,1974.0,RFn,2.0,498.0,TA,TA,Y,0,77,0,0,196,0,,,,0,5,2009,COD,Abnorml,183091.14
294,1755,85,RL,,16500,Pave,,Reg,Lvl,AllPub,Inside,Gtl,NWAmes,Norm,Norm,1Fam,SFoyer,6,5,1971,1971,Hip,CompShg,HdBoard,HdBoard,BrkFace,509.0,TA,TA,CBlock,Gd,TA,Av,GLQ,962.0,Unf,0.0,270.0,1232.0,GasA,Fa,Y,SBrkr,1320,0,0,1320,0.0,1.0,2,0,3,1,TA,5,Typ,1,Gd,Attchd,1971.0,RFn,2.0,495.0,TA,TA,Y,0,20,0,0,0,0,,,,0,5,2009,WD,Normal,166896.135
295,1756,20,RL,60.0,7436,Pave,,Reg,Lvl,AllPub,Inside,Gtl,NAmes,Norm,Norm,1Fam,1Story,4,7,1960,1960,Gable,CompShg,VinylSd,VinylSd,,0.0,TA,TA,CBlock,TA,TA,No,ALQ,734.0,Unf,0.0,160.0,894.0,GasA,Gd,Y,SBrkr,894,0,0,894,1.0,0.0,1,0,2,1,TA,5,Typ,1,Po,Detchd,1988.0,Unf,2.0,396.0,TA,TA,Y,0,0,0,360,0,0,,GdWo,,0,8,2009,WD,Normal,128266.305
296,1757,20,RL,65.0,8125,Pave,,Reg,Lvl,AllPub,Inside,Gtl,NAmes,Norm,Norm,1Fam,1Story,5,7,1959,1959,Hip,CompShg,MetalSd,MetalSd,,0.0,TA,TA,CBlock,TA,TA,No,BLQ,403.0,Unf,0.0,461.0,864.0,GasA,Ex,Y,SBrkr,864,0,0,864,0.0,0.0,1,0,3,1,TA,5,Typ,0,,Detchd,1960.0,Unf,1.0,308.0,TA,TA,Y,0,0,0,0,0,0,,,,0,9,2009,WD,Normal,121933.75
297,1758,20,RL,,9450,Pave,,IR1,Lvl,AllPub,Corner,Gtl,NAmes,Norm,Norm,1Fam,1Story,4,5,1957,1957,Gable,CompShg,Wd Sdng,Wd Sdng,BrkFace,160.0,TA,TA,CBlock,TA,TA,No,BLQ,775.0,Unf,0.0,265.0,1040.0,GasA,TA,Y,SBrkr,1362,0,0,1362,1.0,0.0,1,0,3,1,TA,6,Typ,1,Gd,Attchd,1982.0,RFn,3.0,768.0,TA,TA,Y,0,0,84,0,0,0,,MnPrv,,0,5,2009,WD,Normal,158969.25
298,1759,20,RL,,13495,Pave,,IR1,Lvl,AllPub,Corner,Gtl,NAmes,Norm,Norm,1Fam,1Story,5,6,1956,1956,Gable,CompShg,Wd Sdng,Wd Sdng,BrkFace,70.0,TA,Gd,CBlock,TA,TA,No,BLQ,625.0,LwQ,201.0,222.0,1048.0,GasA,Fa,Y,SBrkr,1728,0,0,1728,1.0,0.0,2,0,3,1,TA,7,Min1,1,Gd,Detchd,1956.0,Unf,2.0,576.0,TA,TA,Y,0,99,0,0,0,0,,,,0,7,2009,WD,Normal,162307.15
299,1760,20,RL,85.0,9350,Pave,,Reg,Lvl,AllPub,Inside,Gtl,NAmes,Norm,Norm,1Fam,1Story,5,6,1961,1995,Gable,CompShg,Wd Sdng,Wd Sdng,BrkFace,217.0,TA,TA,CBlock,TA,TA,No,ALQ,310.0,BLQ,512.0,491.0,1313.0,GasA,TA,Y,SBrkr,1313,0,0,1313,1.0,0.0,1,1,3,1,Gd,6,Typ,1,TA,Attchd,1961.0,RFn,2.0,610.0,TA,TA,Y,172,28,0,0,121,0,,MnPrv,,0,2,2009,WD,Normal,165662.52
300,1761,20,RL,115.0,10500,Pave,,IR1,Lvl,AllPub,Inside,Gtl,NAmes,Norm,Norm,1Fam,1Story,5,5,1964,1964,Gable,CompShg,HdBoard,HdBoard,Stone,144.0,TA,Gd,CBlock,TA,TA,No,LwQ,998.0,Unf,0.0,294.0,1292.0,GasA,TA,Y,SBrkr,1292,0,0,1292,1.0,0.0,1,1,3,1,TA,6,Typ,2,Gd,Detchd,1964.0,Unf,2.0,520.0,TA,TA,Y,0,32,0,0,92,0,,,,0,7,2009,COD,Abnorml,156527.255
301,1762,60,RL,,8970,Pave,,IR1,Lvl,AllPub,Corner,Gtl,NAmes,Norm,Norm,1Fam,2Story,5,6,1965,1965,Gable,CompShg,MetalSd,MetalSd,,0.0,TA,Gd,CBlock,TA,TA,No,ALQ,388.0,Unf,0.0,356.0,744.0,GasA,TA,Y,SBrkr,825,1315,0,2140,0.0,0.0,2,1,4,1,TA,7,Typ,1,TA,Attchd,1965.0,Fin,2.0,549.0,TA,TA,Y,0,40,264,0,0,0,,MnPrv,,0,6,2009,WD,Normal,180609.415
302,1763,80,RL,85.0,11475,Pave,,Reg,Lvl,AllPub,Corner,Gtl,NAmes,Norm,Norm,1Fam,SLvl,6,6,1961,1961,Hip,CompShg,HdBoard,HdBoard,BrkFace,90.0,TA,TA,CBlock,TA,TA,Gd,ALQ,568.0,Unf,0.0,640.0,1208.0,GasA,Ex,Y,SBrkr,1576,0,0,1576,1.0,0.0,1,0,4,1,Gd,7,Typ,1,Po,BuiltIn,1961.0,Fin,2.0,368.0,TA,TA,Y,85,0,0,0,0,0,,,,0,9,2009,WD,Normal,174988.775
303,1764,20,RL,68.0,9768,Pave,,Reg,Lvl,AllPub,Inside,Gtl,NAmes,Norm,Norm,1Fam,1Story,5,5,1955,1955,Gable,CompShg,Wd Sdng,Wd Sdng,,0.0,TA,TA,CBlock,TA,TA,No,Rec,100.0,ALQ,247.0,613.0,960.0,GasA,Gd,Y,SBrkr,960,0,0,960,1.0,0.0,1,0,2,1,TA,5,Typ,0,,Attchd,1955.0,RFn,1.0,330.0,TA,TA,Y,0,70,0,0,0,0,,MnPrv,,0,2,2009,WD,Normal,122036.225
304,1765,20,RL,90.0,9900,Pave,,Reg,Lvl,AllPub,Inside,Gtl,NAmes,Feedr,Norm,1Fam,1Story,6,5,1967,1967,Gable,CompShg,BrkComm,Brk Cmn,,0.0,Gd,TA,CBlock,TA,TA,No,Rec,1173.0,Unf,0.0,507.0,1680.0,GasA,TA,Y,SBrkr,1691,0,0,1691,1.0,0.0,1,0,2,1,TA,5,Typ,0,,Attchd,1967.0,Unf,2.0,550.0,Gd,TA,Y,0,67,260,0,0,0,,MnPrv,,0,4,2009,WD,Normal,168844.25
305,1766,20,RL,92.0,10573,Pave,,IR1,Lvl,AllPub,Corner,Gtl,NAmes,Norm,Norm,1Fam,1Story,6,6,1961,1961,Hip,CompShg,MetalSd,MetalSd,BrkFace,3.0,TA,TA,CBlock,TA,TA,No,Rec,1312.0,Unf,0.0,141.0,1453.0,GasA,Ex,Y,SBrkr,1453,0,0,1453,1.0,0.0,2,0,3,1,TA,6,Typ,1,TA,Attchd,1961.0,RFn,2.0,530.0,TA,TA,Y,0,49,0,0,288,0,,GdPrv,,0,4,2009,WD,Normal,175224.635
306,1767,20,RL,80.0,14695,Pave,,IR1,Lvl,AllPub,Inside,Gtl,NAmes,Norm,Norm,1Fam,1Story,6,8,1966,2008,Gable,CompShg,MetalSd,MetalSd,BrkFace,210.0,TA,Gd,CBlock,TA,TA,No,ALQ,1387.0,Unf,0.0,175.0,1562.0,GasA,Gd,Y,SBrkr,1567,0,0,1567,1.0,0.0,2,0,2,1,Gd,5,Typ,2,Gd,Attchd,1966.0,Unf,2.0,542.0,TA,TA,Y,0,110,0,0,342,0,,GdWo,,0,7,2009,WD,Normal,202986.0
307,1768,20,RL,73.0,8760,Pave,,Reg,Lvl,AllPub,Inside,Gtl,NAmes,Norm,Norm,1Fam,1Story,5,7,1956,1956,Gable,CompShg,Wd Sdng,Wd Sdng,BrkFace,164.0,Gd,TA,CBlock,TA,TA,No,ALQ,856.0,Unf,0.0,313.0,1169.0,GasA,TA,Y,SBrkr,1144,0,0,1144,1.0,0.0,1,0,3,1,TA,6,Typ,0,,Attchd,1956.0,RFn,1.0,286.0,TA,TA,Y,257,0,0,0,0,0,,,,0,6,2009,WD,Normal,144999.675
308,1769,20,RL,,12285,Pave,,IR1,Lvl,AllPub,Inside,Gtl,NAmes,Norm,Norm,1Fam,1Story,7,6,1960,1960,Gable,CompShg,Plywood,Plywood,BrkFace,128.0,TA,TA,CBlock,TA,TA,No,BLQ,544.0,Unf,0.0,785.0,1329.0,GasA,Gd,Y,SBrkr,1329,0,0,1329,0.0,0.0,1,1,3,1,TA,5,Typ,2,Gd,Attchd,1960.0,Unf,2.0,441.0,TA,TA,Y,0,0,203,0,0,0,,,,0,8,2009,WD,Normal,161443.25
309,1770,20,RL,66.0,9240,Pave,,IR1,Lvl,AllPub,Inside,Gtl,NAmes,Norm,Norm,1Fam,1Story,6,8,1959,1998,Hip,CompShg,MetalSd,MetalSd,,0.0,Gd,TA,CBlock,TA,TA,No,ALQ,708.0,Unf,0.0,280.0,988.0,GasA,TA,Y,SBrkr,988,0,0,988,1.0,0.0,2,0,3,1,Gd,6,Typ,0,,Attchd,1959.0,Unf,1.0,297.0,TA,TA,Y,156,0,0,0,0,0,,,,0,6,2009,WD,Normal,146577.77
310,1771,20,RL,70.0,8750,Pave,,Reg,Lvl,AllPub,Inside,Gtl,NAmes,Norm,Norm,1Fam,1Story,5,5,1956,1956,Gable,CompShg,BrkFace,BrkFace,,0.0,TA,TA,CBlock,TA,TA,No,Rec,435.0,BLQ,202.0,565.0,1202.0,GasA,TA,Y,SBrkr,1202,0,0,1202,0.0,1.0,1,0,3,1,TA,6,Typ,0,,Attchd,1956.0,RFn,1.0,304.0,TA,TA,Y,0,35,120,0,0,0,,GdWo,,0,11,2009,COD,Abnorml,133465.58
311,1772,20,RL,70.0,8750,Pave,,Reg,Lvl,AllPub,Inside,Gtl,NAmes,Norm,Norm,1Fam,1Story,5,5,1955,1955,Gable,CompShg,AsbShng,AsbShng,,0.0,TA,TA,CBlock,TA,TA,No,Rec,172.0,LwQ,483.0,727.0,1382.0,GasA,Gd,Y,FuseA,1382,0,0,1382,0.0,1.0,1,0,3,1,Gd,6,Typ,0,,Attchd,1955.0,Unf,1.0,350.0,TA,TA,Y,280,0,0,0,0,0,,GdWo,,0,7,2009,WD,Normal,140526.61
312,1773,20,RL,80.0,10400,Pave,,Reg,Lvl,AllPub,Corner,Gtl,NAmes,Norm,Norm,1Fam,1Story,4,5,1956,1956,Gable,CompShg,Plywood,Plywood,,0.0,TA,TA,CBlock,TA,TA,No,Rec,155.0,LwQ,750.0,295.0,1200.0,GasA,TA,Y,SBrkr,1200,0,0,1200,1.0,0.0,1,0,3,1,TA,6,Typ,2,Gd,Attchd,1956.0,Unf,1.0,294.0,TA,TA,Y,0,189,140,0,0,0,,,,0,11,2009,WD,Family,141408.9
313,1774,90,RL,76.0,9482,Pave,,Reg,Lvl,AllPub,Inside,Gtl,NAmes,Norm,Norm,Duplex,1Story,5,4,1958,1958,Hip,CompShg,Wd Sdng,Wd Sdng,BrkFace,657.0,TA,TA,PConc,TA,TA,No,Unf,0.0,Unf,0.0,1866.0,1866.0,GasA,Ex,Y,SBrkr,1866,0,0,1866,0.0,0.0,2,0,4,2,TA,8,Typ,0,,Detchd,1958.0,Unf,2.0,495.0,TA,Fa,Y,0,0,0,0,0,0,,,,0,12,2009,WD,Normal,151055.445
314,1775,20,RL,53.0,8128,Pave,,IR1,Lvl,AllPub,CulDSac,Gtl,NAmes,Norm,Norm,1Fam,1Story,6,7,1954,1954,Hip,CompShg,MetalSd,MetalSd,BrkFace,80.0,TA,TA,CBlock,TA,TA,No,ALQ,490.0,Unf,0.0,572.0,1062.0,GasA,Gd,Y,SBrkr,1062,0,0,1062,1.0,0.0,1,0,3,1,TA,6,Typ,0,,Attchd,1954.0,Unf,1.0,297.0,TA,TA,Y,0,0,0,0,0,0,,,,0,2,2009,WD,Normal,133374.75
315,1776,20,RL,67.0,13070,Pave,,Reg,Lvl,AllPub,Corner,Gtl,NAmes,Norm,Norm,1Fam,1Story,5,5,1951,1951,Hip,CompShg,MetalSd,MetalSd,,0.0,TA,TA,CBlock,TA,TA,No,Rec,308.0,Unf,0.0,323.0,631.0,GasA,TA,Y,FuseA,1112,0,0,1112,0.0,0.0,1,0,2,1,TA,5,Typ,0,,Basment,1951.0,Unf,2.0,480.0,TA,TA,Y,0,0,0,0,255,0,,,,0,10,2009,WD,Normal,123515.625
316,1777,30,RL,80.0,8480,Pave,,Reg,Lvl,AllPub,Corner,Gtl,NAmes,Norm,Norm,1Fam,1Story,5,6,1945,1950,Gable,CompShg,MetalSd,MetalSd,,0.0,TA,Gd,CBlock,TA,TA,No,BLQ,700.0,Unf,0.0,93.0,793.0,GasA,TA,Y,SBrkr,793,0,0,793,1.0,0.0,1,0,2,1,Fa,4,Typ,0,,Detchd,1945.0,Unf,1.0,240.0,TA,TA,Y,0,0,0,0,0,0,,,,0,8,2009,WD,Normal,119014.025
317,1778,20,RL,60.0,7626,Pave,,Reg,Lvl,AllPub,Inside,Gtl,NAmes,Norm,Norm,1Fam,1Story,5,8,1952,2005,Hip,CompShg,Wd Sdng,Wd Sdng,,0.0,Gd,TA,CBlock,TA,TA,No,GLQ,931.0,Unf,0.0,100.0,1031.0,GasA,Gd,Y,SBrkr,1031,0,0,1031,1.0,0.0,1,0,2,1,Gd,5,Typ,0,,Attchd,1952.0,Unf,1.0,230.0,TA,TA,Y,0,0,0,0,0,0,,MnPrv,,0,3,2009,WD,Normal,133464.375
318,1779,20,RL,75.0,9533,Pave,,Reg,Lvl,AllPub,Inside,Gtl,NAmes,Norm,Norm,1Fam,1Story,5,5,1953,1953,Hip,CompShg,Wd Sdng,Wd Sdng,BrkFace,140.0,TA,TA,Slab,,,,,0.0,,0.0,0.0,0.0,GasA,TA,Y,FuseA,1210,0,0,1210,0.0,0.0,1,1,2,1,TA,7,Typ,0,,Attchd,1953.0,Fin,1.0,616.0,TA,TA,Y,208,0,100,0,0,0,,MnPrv,,0,8,2009,ConLD,Normal,128746.215
319,1780,60,RL,78.0,11419,Pave,,Reg,Lvl,AllPub,Corner,Gtl,NAmes,Artery,Norm,1Fam,2Story,7,7,1948,1999,Gable,CompShg,WdShing,Wd Shng,,0.0,TA,TA,CBlock,TA,TA,Mn,ALQ,699.0,Unf,0.0,0.0,699.0,GasA,Ex,Y,FuseA,801,726,0,1527,1.0,0.0,1,1,3,1,TA,6,Typ,1,Gd,Attchd,1948.0,Unf,2.0,410.0,TA,TA,Y,0,0,134,0,0,0,,GdWo,,0,12,2009,WD,Normal,167789.54
320,1781,20,RL,60.0,9600,Pave,,Reg,Lvl,AllPub,Inside,Gtl,NAmes,Norm,Norm,1Fam,1Story,5,6,1950,1950,Gable,CompShg,Wd Sdng,Wd Sdng,,0.0,TA,TA,CBlock,TA,TA,No,BLQ,390.0,Unf,0.0,810.0,1200.0,GasA,TA,Y,SBrkr,1200,0,0,1200,0.0,0.0,1,0,3,1,TA,6,Typ,0,,Attchd,1950.0,Fin,1.0,246.0,TA,TA,Y,126,0,0,0,0,0,,GdWo,,0,8,2009,WD,Normal,130544.81
321,1782,20,RL,53.0,5470,Pave,,Reg,Lvl,AllPub,Inside,Gtl,OldTown,Norm,Norm,1Fam,1Story,3,5,1958,1958,Gable,CompShg,MetalSd,MetalSd,,0.0,TA,TA,CBlock,TA,TA,No,Unf,0.0,Unf,0.0,792.0,792.0,GasA,Gd,Y,FuseA,792,0,0,792,0.0,0.0,1,0,2,1,TA,4,Typ,0,,Attchd,1958.0,Unf,1.0,366.0,Fa,TA,Y,0,90,0,0,0,0,,,,0,8,2009,WD,Normal,109190.75
322,1783,60,RL,60.0,10800,Pave,,Reg,Lvl,AllPub,Inside,Gtl,OldTown,Norm,Norm,1Fam,2Story,5,7,1939,2006,Gable,CompShg,VinylSd,VinylSd,,0.0,TA,Gd,BrkTil,TA,TA,No,Unf,0.0,Unf,0.0,676.0,676.0,GasA,Ex,Y,SBrkr,676,676,0,1352,0.0,1.0,2,0,4,1,Gd,7,Typ,0,,Detchd,1939.0,Unf,2.0,720.0,TA,TA,Y,187,0,128,0,0,0,,,,0,8,2009,WD,Normal,143802.11
323,1784,70,RL,80.0,8146,Pave,,Reg,Lvl,AllPub,Corner,Gtl,OldTown,Norm,Norm,1Fam,2Story,4,8,1900,2003,Gable,CompShg,MetalSd,MetalSd,,0.0,Gd,Gd,BrkTil,Fa,TA,No,Unf,0.0,Unf,0.0,405.0,405.0,GasA,Gd,Y,SBrkr,717,322,0,1039,0.0,0.0,1,0,2,1,TA,6,Typ,0,,Detchd,1940.0,Unf,1.0,281.0,TA,TA,N,0,0,168,0,111,0,,,,0,5,2009,WD,Normal,119402.235
324,1785,30,RL,60.0,10230,Pave,Grvl,Reg,Lvl,AllPub,Inside,Gtl,OldTown,Norm,Norm,1Fam,1Story,5,7,1925,1950,Gable,CompShg,MetalSd,MetalSd,,0.0,TA,TA,BrkTil,TA,TA,No,Unf,0.0,Unf,0.0,1054.0,1054.0,GasA,Ex,Y,SBrkr,1078,0,0,1078,0.0,0.0,1,0,3,1,Ex,6,Typ,0,,Detchd,1987.0,Unf,1.0,264.0,TA,TA,N,0,0,0,0,112,0,,GdWo,,0,12,2009,WD,Normal,123465.725
325,1786,50,RL,60.0,10410,Pave,Grvl,Reg,Lvl,AllPub,Inside,Gtl,OldTown,Norm,Norm,1Fam,1.5Fin,4,5,1915,1950,Gable,CompShg,MetalSd,MetalSd,,0.0,TA,TA,BrkTil,TA,TA,No,Unf,0.0,Unf,0.0,1313.0,1313.0,GasA,TA,Y,SBrkr,1313,0,1064,2377,0.0,0.0,2,0,3,1,Gd,8,Min2,1,TA,Detchd,1954.0,Unf,2.0,528.0,TA,TA,Y,0,0,432,0,0,0,,,,0,6,2009,WD,Normal,158284.7
326,1787,70,RL,60.0,7200,Pave,,Reg,Lvl,AllPub,Corner,Gtl,OldTown,Artery,Norm,1Fam,2Story,7,9,1910,2008,Gable,CompShg,VinylSd,VinylSd,,0.0,Gd,Gd,PConc,TA,TA,No,Unf,0.0,Unf,0.0,560.0,560.0,GasA,Ex,Y,SBrkr,930,760,0,1690,0.0,0.0,2,0,4,1,Gd,5,Typ,0,,Detchd,2008.0,Unf,2.0,624.0,TA,TA,Y,0,0,112,0,0,0,,,,0,8,2009,WD,Normal,160575.68
327,1788,30,RL,90.0,5400,Pave,,Reg,Lvl,AllPub,Inside,Gtl,OldTown,Artery,Norm,1Fam,1Story,2,5,1940,1950,Gable,CompShg,Stucco,Stucco,,0.0,Fa,TA,PConc,Fa,TA,No,Unf,0.0,Unf,0.0,416.0,416.0,GasA,Gd,N,FuseA,599,0,0,599,1.0,0.0,1,0,2,1,Gd,4,Typ,0,,,,,0.0,0.0,,,N,0,81,0,0,0,0,,,,0,6,2009,WD,Normal,87524.45
328,1789,30,RL,60.0,10800,Pave,Grvl,Reg,Lvl,AllPub,Inside,Gtl,OldTown,Norm,Norm,1Fam,1Story,5,7,1920,1950,Gable,CompShg,Wd Sdng,Wd Sdng,,0.0,TA,TA,BrkTil,TA,TA,No,Unf,0.0,Unf,0.0,720.0,720.0,GasA,TA,N,SBrkr,846,0,0,846,0.0,0.0,1,0,2,1,Gd,4,Typ,0,,Detchd,1980.0,Fin,2.0,576.0,TA,TA,N,0,0,0,0,0,0,,,,0,6,2009,WD,Normal,109807.77
329,1790,30,RL,60.0,10800,Pave,Grvl,Reg,Lvl,AllPub,Corner,Gtl,OldTown,Norm,Norm,1Fam,1Story,3,5,1890,1998,Gable,CompShg,VinylSd,VinylSd,,0.0,TA,TA,BrkTil,TA,TA,No,Unf,0.0,Unf,0.0,630.0,630.0,GasA,TA,Y,FuseA,725,0,0,725,0.0,0.0,1,1,1,1,TA,4,Typ,0,,Detchd,1959.0,Unf,1.0,320.0,TA,TA,Y,0,30,0,0,0,0,,,,0,11,2009,WD,Normal,110201.9
330,1791,90,RL,81.0,9671,Pave,,Reg,Lvl,AllPub,Corner,Gtl,NAmes,Artery,Norm,Duplex,2Story,6,5,1969,1969,Gable,CompShg,MetalSd,MetalSd,Stone,480.0,TA,TA,CBlock,TA,TA,No,Unf,0.0,Unf,0.0,1248.0,1248.0,GasA,TA,Y,SBrkr,1248,1296,0,2544,0.0,0.0,2,2,6,2,TA,12,Typ,0,,Attchd,1969.0,RFn,3.0,907.0,TA,TA,Y,0,0,0,0,0,0,,,,0,8,2009,WD,Normal,184196.145
331,1792,20,RL,83.0,10143,Pave,,Reg,Lvl,AllPub,Inside,Gtl,NAmes,Norm,Norm,1Fam,1Story,6,7,1963,1963,Gable,CompShg,HdBoard,HdBoard,BrkFace,295.0,TA,TA,CBlock,TA,TA,No,Rec,384.0,Unf,0.0,996.0,1380.0,GasA,Fa,Y,SBrkr,1380,0,0,1380,0.0,0.0,1,1,3,1,TA,6,Typ,0,,Attchd,1963.0,Unf,1.0,364.0,TA,TA,Y,0,0,0,0,216,0,,GdWo,,0,6,2009,WD,Normal,149571.375
332,1793,20,RL,77.0,11500,Pave,,IR1,Lvl,AllPub,Inside,Gtl,NAmes,Norm,Norm,1Fam,1Story,6,4,1967,1967,Gable,CompShg,HdBoard,HdBoard,,0.0,Fa,TA,CBlock,TA,Fa,No,BLQ,872.0,Rec,60.0,108.0,1040.0,GasA,Gd,Y,SBrkr,1040,0,0,1040,1.0,0.0,1,0,3,1,TA,6,Min1,1,Po,Attchd,1967.0,RFn,2.0,480.0,TA,TA,Y,0,0,156,0,0,0,,MnPrv,,0,5,2009,WD,Normal,147999.25
333,1794,20,RL,62.0,8010,Pave,,Reg,Lvl,AllPub,Inside,Gtl,NAmes,Norm,Norm,1Fam,1Story,6,9,1958,2007,Hip,CompShg,Wd Sdng,Wd Sdng,,0.0,Gd,Gd,CBlock,TA,TA,Mn,GLQ,745.0,Unf,0.0,206.0,951.0,GasA,Gd,Y,SBrkr,951,0,0,951,1.0,0.0,1,0,2,1,Gd,6,Typ,0,,Detchd,1985.0,Unf,2.0,480.0,TA,TA,Y,0,0,42,0,0,0,,,Shed,450,9,2009,WD,Normal,142106.175
334,1795,20,RL,90.0,10454,Pave,,IR1,Lvl,AllPub,Corner,Gtl,NAmes,Norm,Norm,1Fam,1Story,6,6,1957,1957,Hip,CompShg,Plywood,Plywood,Stone,143.0,TA,TA,CBlock,TA,TA,No,Rec,546.0,Unf,0.0,559.0,1105.0,GasA,Gd,Y,FuseA,1105,0,0,1105,0.0,0.0,1,0,3,1,TA,5,Typ,0,,Detchd,1957.0,Unf,1.0,308.0,TA,TA,Y,0,0,0,0,0,0,,,,0,4,2009,WD,Normal,137114.475
335,1796,20,RL,80.0,9000,Pave,,IR1,HLS,AllPub,Inside,Mod,NAmes,Norm,Norm,1Fam,1Story,6,6,1958,1958,Flat,Tar&Grv,Wd Sdng,Wd Sdng,BrkFace,82.0,TA,TA,CBlock,Gd,TA,Gd,Unf,0.0,Unf,0.0,160.0,160.0,GasA,Fa,Y,SBrkr,1142,0,0,1142,0.0,0.0,1,0,2,1,TA,5,Typ,1,Gd,Basment,1958.0,RFn,1.0,384.0,TA,TA,Y,0,28,64,0,0,0,,,,0,4,2009,WD,Normal,149267.85
336,1797,50,RL,60.0,8064,Pave,,Reg,Lvl,AllPub,Inside,Gtl,NAmes,Artery,Norm,1Fam,1.5Fin,6,5,1950,1950,Gable,CompShg,Wd Sdng,Wd Sdng,,0.0,TA,TA,CBlock,TA,TA,Av,Rec,621.0,Unf,0.0,174.0,795.0,GasA,Gd,N,SBrkr,765,368,0,1133,0.0,0.0,1,0,3,1,TA,5,Typ,0,,Detchd,1989.0,Unf,2.0,900.0,TA,TA,Y,0,0,0,0,231,0,,,,0,12,2009,COD,Abnorml,122743.55
337,1798,20,RL,71.0,7350,Pave,,Reg,Lvl,AllPub,Inside,Gtl,NAmes,Norm,Norm,1Fam,1Story,5,6,1958,1958,Hip,CompShg,BrkFace,BrkFace,,0.0,TA,TA,CBlock,TA,TA,No,Unf,0.0,Unf,0.0,1041.0,1041.0,GasA,Gd,Y,SBrkr,1041,0,0,1041,0.0,0.0,1,0,3,1,TA,6,Typ,0,,Attchd,1958.0,RFn,1.0,294.0,TA,TA,Y,0,0,0,0,0,0,,GdWo,,0,3,2009,WD,Normal,130560.935
338,1799,20,RL,60.0,7200,Pave,,Reg,Lvl,AllPub,Corner,Gtl,NAmes,Norm,Norm,1Fam,1Story,5,7,1952,1952,Gable,CompShg,MetalSd,MetalSd,,0.0,TA,Gd,CBlock,TA,Gd,No,ALQ,630.0,BLQ,102.0,0.0,732.0,GasA,TA,Y,SBrkr,732,0,0,732,1.0,0.0,1,0,2,1,TA,4,Typ,0,,Detchd,1952.0,Unf,1.0,240.0,TA,TA,Y,0,68,0,0,0,0,,,,0,9,2009,WD,Normal,117156.64
339,1800,80,RL,80.0,8000,Pave,,Reg,Lvl,AllPub,Inside,Gtl,NAmes,Norm,Norm,1Fam,SLvl,5,5,1959,1959,Gable,CompShg,BrkFace,Plywood,,0.0,TA,TA,CBlock,Gd,TA,Av,GLQ,433.0,Rec,95.0,0.0,528.0,GasA,TA,Y,SBrkr,1183,0,0,1183,1.0,0.0,1,0,3,1,TA,6,Typ,0,,Attchd,1959.0,RFn,1.0,288.0,TA,TA,Y,0,0,0,0,0,0,,GdWo,,0,7,2009,WD,Normal,134855.38
340,1801,50,RL,60.0,10800,Pave,,Reg,Lvl,AllPub,Inside,Gtl,NAmes,Artery,Norm,1Fam,1.5Fin,4,7,1949,1996,Gable,CompShg,MetalSd,MetalSd,,0.0,TA,TA,CBlock,TA,TA,No,Unf,0.0,Unf,0.0,832.0,832.0,GasA,TA,Y,FuseF,832,629,0,1461,0.0,0.0,2,0,4,1,TA,6,Typ,0,,Detchd,1949.0,Unf,1.0,384.0,TA,TA,Y,0,204,0,0,0,0,,,,0,8,2009,WD,Normal,129661.42
341,1802,50,RL,60.0,8064,Pave,,Reg,Lvl,AllPub,Corner,Gtl,NAmes,Artery,Norm,1Fam,1.5Fin,6,7,1948,1994,Gable,CompShg,MetalSd,MetalSd,,0.0,TA,TA,CBlock,TA,TA,No,LwQ,120.0,Unf,0.0,744.0,864.0,GasA,TA,Y,SBrkr,1064,0,431,1495,0.0,0.0,1,0,3,1,TA,6,Typ,0,,Detchd,1994.0,Unf,2.0,576.0,TA,TA,Y,180,36,0,0,0,0,,,,0,8,2009,COD,Abnorml,138597.2
342,1803,60,RL,76.0,7570,Pave,,Reg,Lvl,AllPub,Corner,Gtl,NAmes,Norm,Norm,1Fam,2Story,6,5,1964,1964,Gable,CompShg,HdBoard,HdBoard,BrkFace,420.0,TA,TA,CBlock,TA,TA,No,Unf,0.0,Unf,0.0,780.0,780.0,GasA,TA,Y,SBrkr,993,813,0,1806,0.0,0.0,1,1,4,1,TA,8,Typ,0,,Attchd,1964.0,Unf,2.0,483.0,TA,TA,Y,0,55,0,0,0,0,,,,0,3,2009,WD,Normal,153220.085
343,1804,90,RL,75.0,8604,Pave,,IR1,Lvl,AllPub,Inside,Gtl,NAmes,Norm,Norm,Duplex,SFoyer,5,7,1978,1978,Gable,CompShg,Plywood,Plywood,BrkFace,124.0,TA,Gd,CBlock,Gd,TA,Av,GLQ,941.0,Unf,0.0,0.0,941.0,GasA,Gd,Y,SBrkr,941,0,0,941,1.0,0.0,1,0,2,1,Gd,4,Typ,0,,Attchd,1978.0,Unf,2.0,564.0,TA,TA,Y,0,40,0,0,0,0,,,,0,11,2009,WD,Normal,146588.405
344,1805,20,RL,80.0,7936,Pave,,Reg,Lvl,AllPub,Inside,Gtl,NAmes,Norm,Norm,1Fam,1Story,6,6,1963,1963,Hip,CompShg,HdBoard,HdBoard,,0.0,TA,TA,CBlock,TA,TA,No,BLQ,826.0,Unf,0.0,219.0,1045.0,GasA,TA,Y,SBrkr,1045,0,0,1045,1.0,0.0,1,0,3,1,TA,6,Typ,1,Fa,Attchd,1963.0,RFn,1.0,264.0,TA,TA,Y,0,0,0,0,0,0,,,,0,4,2009,WD,Normal,140750.165
345,1806,50,RM,68.0,4080,Pave,Grvl,Reg,Lvl,AllPub,Inside,Gtl,OldTown,Norm,Norm,1Fam,1.5Fin,6,8,1935,1998,Gable,CompShg,Wd Sdng,Wd Sdng,,0.0,TA,TA,PConc,TA,TA,No,Unf,0.0,Unf,0.0,901.0,901.0,GasA,Gd,Y,SBrkr,861,517,0,1378,0.0,0.0,1,0,3,1,Gd,6,Typ,0,,Detchd,1920.0,Unf,1.0,162.0,Fa,Fa,P,54,0,40,0,0,0,,,,0,6,2009,WD,Normal,118193.33
346,1807,90,RM,57.0,10307,Pave,Grvl,Reg,Lvl,AllPub,Inside,Gtl,OldTown,Norm,Norm,Duplex,2Story,6,5,1910,1950,Gable,CompShg,Wd Sdng,Wd Sdng,,0.0,TA,TA,CBlock,TA,TA,Mn,LwQ,633.0,Unf,0.0,339.0,972.0,GasA,Gd,N,FuseA,972,972,0,1944,1.0,0.0,2,0,4,2,TA,12,Typ,0,,Detchd,1920.0,Unf,2.0,324.0,Fa,TA,N,0,28,169,0,0,0,,,,0,6,2009,WD,Normal,129763.895
347,1808,50,RM,90.0,15660,Pave,,Reg,Lvl,AllPub,Inside,Gtl,OldTown,Norm,Norm,1Fam,1.5Fin,5,8,1910,2003,Gable,CompShg,VinylSd,VinylSd,,0.0,TA,Gd,CBlock,TA,TA,No,Unf,0.0,Unf,0.0,240.0,240.0,GasA,TA,Y,SBrkr,810,496,0,1306,0.0,0.0,1,1,3,1,Gd,6,Typ,0,,Detchd,1959.0,Unf,2.0,472.0,Fa,TA,N,0,0,0,0,0,0,,MnPrv,,0,7,2009,WD,Normal,131065.06
348,1809,70,RM,90.0,9900,Pave,,Reg,Lvl,AllPub,Corner,Gtl,OldTown,Norm,Norm,1Fam,2Story,5,8,1910,2002,Gable,CompShg,VinylSd,VinylSd,,0.0,Gd,TA,CBlock,TA,TA,No,Unf,0.0,Unf,0.0,504.0,504.0,GasA,Ex,Y,SBrkr,764,700,0,1464,0.0,0.0,2,0,3,1,TA,7,Typ,0,,,,,0.0,0.0,,,N,0,0,176,0,0,0,,,,0,3,2009,WD,Normal,120246.28
349,1810,70,RM,57.0,6406,Pave,Grvl,Reg,Lvl,AllPub,Inside,Gtl,OldTown,Norm,Norm,1Fam,2Story,5,6,1939,1950,Gable,CompShg,Wd Sdng,Wd Sdng,,0.0,TA,TA,BrkTil,TA,TA,No,ALQ,421.0,Unf,0.0,269.0,690.0,GasA,TA,Y,FuseA,868,690,0,1558,0.0,0.0,1,1,3,1,TA,7,Typ,1,Gd,Detchd,1939.0,Unf,2.0,400.0,TA,TA,Y,0,36,0,0,182,0,,MnPrv,,0,10,2009,WD,Normal,149251.065
350,1811,190,RM,63.0,7627,Pave,,Reg,Lvl,AllPub,Corner,Gtl,OldTown,Artery,Norm,2fmCon,2Story,4,6,1920,1950,Gable,CompShg,AsbShng,AsbShng,,0.0,Fa,TA,BrkTil,Fa,Po,No,Unf,0.0,Unf,0.0,600.0,600.0,GasA,Gd,N,SBrkr,1101,600,0,1701,0.0,0.0,2,0,4,2,Fa,8,Typ,0,,,,,0.0,0.0,,,N,0,0,148,0,0,0,,,,0,10,2009,WD,Normal,106716.03
351,1812,50,RM,56.0,10134,Pave,Grvl,Reg,Lvl,AllPub,Inside,Gtl,OldTown,Norm,Norm,1Fam,1.5Fin,5,5,1910,1950,Gable,CompShg,MetalSd,MetalSd,,0.0,TA,TA,BrkTil,Fa,TA,No,Unf,0.0,Unf,0.0,801.0,801.0,GasA,Gd,N,SBrkr,801,646,0,1447,0.0,0.0,1,0,3,1,TA,6,Typ,0,,,,,0.0,0.0,,,N,80,0,244,0,0,0,,,,0,7,2009,WD,Normal,101801.75
352,1813,50,RM,50.0,6000,Pave,,Reg,Lvl,AllPub,Inside,Gtl,OldTown,Norm,Norm,1Fam,1.5Fin,5,7,1950,1970,Gable,CompShg,Wd Sdng,Wd Sdng,,0.0,TA,Ex,CBlock,TA,TA,No,BLQ,384.0,Unf,0.0,384.0,768.0,GasA,TA,Y,FuseA,768,560,0,1328,0.0,0.0,1,1,3,1,TA,6,Typ,0,,Detchd,1950.0,Unf,1.0,308.0,TA,TA,Y,0,12,0,0,0,0,,MnPrv,,0,3,2009,WD,Normal,120181.085
353,1814,30,RM,62.0,7404,Pave,,Reg,Lvl,AllPub,Corner,Gtl,OldTown,Norm,Norm,1Fam,1Story,4,6,1920,1950,Gable,CompShg,MetalSd,MetalSd,,0.0,TA,TA,BrkTil,Fa,TA,No,Unf,0.0,Unf,0.0,861.0,861.0,GasA,TA,Y,SBrkr,861,0,0,861,0.0,0.0,1,0,2,1,TA,5,Typ,0,,Detchd,1920.0,Unf,2.0,288.0,TA,TA,N,0,0,128,0,0,0,,,,0,11,2009,Oth,Normal,106998.165
354,1815,30,RM,50.0,5925,Pave,,Reg,Lvl,AllPub,Corner,Gtl,OldTown,Norm,Norm,1Fam,1Story,2,4,1940,1950,Gable,CompShg,MetalSd,MetalSd,,0.0,TA,Gd,BrkTil,,,,,0.0,,0.0,0.0,0.0,GasA,Fa,N,FuseA,612,0,0,612,0.0,0.0,1,0,1,1,TA,4,Typ,0,,Detchd,1965.0,Unf,1.0,308.0,TA,Fa,N,0,0,25,0,0,0,,,,0,10,2009,WD,Normal,81014.25
355,1816,30,RM,60.0,8520,Pave,,Reg,Lvl,AllPub,Inside,Gtl,OldTown,Norm,Norm,1Fam,1Story,5,8,1923,1950,Gable,CompShg,Stucco,Stucco,,0.0,Gd,TA,PConc,Fa,TA,No,Unf,0.0,Unf,0.0,624.0,624.0,GasA,TA,Y,SBrkr,792,0,0,792,0.0,0.0,1,0,2,1,TA,5,Typ,0,,Detchd,1963.0,Unf,1.0,287.0,TA,TA,Y,0,0,81,0,0,0,,GdWo,,0,2,2009,WD,Normal,111138.585
356,1817,70,RM,60.0,9600,Pave,,Reg,Lvl,AllPub,Inside,Gtl,OldTown,Norm,Norm,1Fam,2Story,4,4,1910,1950,Gable,CompShg,VinylSd,VinylSd,,0.0,Gd,Gd,BrkTil,Fa,TA,No,Unf,0.0,Unf,0.0,677.0,677.0,GasA,TA,Y,SBrkr,833,677,0,1510,0.0,0.0,2,0,3,1,Gd,7,Typ,0,,Detchd,1974.0,Unf,2.0,720.0,TA,TA,N,0,0,160,0,0,0,,,,0,6,2009,WD,Normal,136309.255
357,1818,70,RM,70.0,8400,Pave,,Reg,Lvl,AllPub,Corner,Gtl,OldTown,Artery,Norm,1Fam,2Story,6,7,1900,1950,Gable,CompShg,Stucco,BrkFace,,0.0,TA,TA,BrkTil,Fa,Gd,Mn,Unf,0.0,Unf,0.0,917.0,917.0,GasA,Gd,Y,FuseA,1090,917,0,2007,0.0,0.0,2,0,3,1,Ex,8,Typ,0,,Detchd,1930.0,Unf,1.0,357.0,TA,TA,Y,0,235,0,0,0,0,,,,0,6,2009,WD,Normal,150485.635
358,1819,70,RM,60.0,3600,Pave,Grvl,Reg,Lvl,AllPub,Inside,Gtl,OldTown,Norm,Norm,1Fam,2Story,6,7,1917,2007,Gable,CompShg,Stucco,Stucco,,0.0,TA,TA,BrkTil,TA,TA,No,Unf,0.0,Unf,0.0,624.0,624.0,GasA,Ex,Y,SBrkr,664,624,0,1288,1.0,0.0,1,0,3,1,Ex,5,Typ,1,Gd,Attchd,1917.0,Unf,1.0,280.0,TA,TA,N,0,103,0,0,0,0,,,,0,5,2009,WD,Normal,138560.77
359,1820,30,C (all),,3300,Pave,,Reg,Lvl,AllPub,Inside,Gtl,OldTown,Norm,Norm,1Fam,1Story,4,3,1910,1950,Gable,CompShg,Stucco,Stucco,,0.0,TA,TA,BrkTil,TA,TA,No,Unf,0.0,Unf,0.0,624.0,624.0,GasA,Ex,Y,SBrkr,816,0,0,816,0.0,0.0,1,0,2,1,TA,5,Typ,1,Gd,,,,0.0,0.0,,,N,0,33,0,0,0,0,,,,0,6,2009,WD,Normal,92436.0
360,1821,50,RM,60.0,5400,Pave,,Reg,Lvl,AllPub,Inside,Gtl,OldTown,Norm,Norm,1Fam,1.5Fin,6,6,1920,1950,Gable,CompShg,MetalSd,MetalSd,,0.0,Fa,TA,BrkTil,TA,TA,No,Unf,0.0,Unf,0.0,972.0,972.0,GasA,Ex,Y,SBrkr,1044,0,436,1480,0.0,0.0,1,0,3,1,TA,6,Typ,0,,Detchd,1920.0,Unf,1.0,207.0,Fa,TA,Y,0,0,176,0,0,0,,,,0,9,2009,ConLI,Family,119466.59
361,1822,70,RM,60.0,9720,Pave,Grvl,Reg,Lvl,AllPub,Inside,Gtl,OldTown,Norm,Norm,1Fam,2Story,6,7,1910,2002,Gable,CompShg,MetalSd,MetalSd,,0.0,TA,TA,PConc,TA,TA,No,Unf,0.0,Unf,0.0,741.0,741.0,GasA,Ex,Y,SBrkr,780,741,0,1521,0.0,0.0,1,0,4,1,Gd,8,Typ,0,,Detchd,1950.0,Unf,3.0,640.0,TA,TA,Y,0,0,238,0,0,0,,MnPrv,,0,9,2009,WD,Normal,152478.54
362,1823,30,C (all),72.0,9392,Pave,,Reg,Lvl,AllPub,Corner,Gtl,IDOTRR,Norm,Norm,1Fam,1Story,3,3,1900,1950,Mansard,CompShg,AsbShng,AsbShng,,0.0,TA,Fa,CBlock,Fa,TA,No,Unf,0.0,Unf,0.0,245.0,245.0,GasA,TA,N,SBrkr,797,0,0,797,0.0,0.0,1,0,2,1,TA,5,Typ,0,,,,,0.0,0.0,,,N,0,36,94,0,0,0,,,,0,9,2009,WD,Abnorml,75662.08
363,1824,30,RL,,6615,Pave,,Reg,Lvl,AllPub,Inside,Gtl,BrkSide,Norm,Norm,1Fam,1Story,6,6,1923,1950,Gable,CompShg,MetalSd,MetalSd,,0.0,TA,TA,BrkTil,TA,TA,No,Unf,0.0,Unf,0.0,1022.0,1022.0,GasA,TA,N,FuseA,1432,0,0,1432,0.0,0.0,1,0,3,1,Gd,6,Typ,1,Gd,BuiltIn,1923.0,Unf,1.0,216.0,Fa,TA,Y,266,61,0,0,0,0,,GdWo,,0,9,2009,WD,Normal,135222.225
364,1825,70,RL,50.0,4960,Pave,,Reg,Lvl,AllPub,Inside,Gtl,BrkSide,RRAn,Norm,1Fam,1.5Fin,5,7,1930,1982,Gable,CompShg,WdShing,Wd Shng,,0.0,TA,TA,CBlock,TA,TA,No,Unf,0.0,Unf,0.0,297.0,297.0,GasA,Ex,Y,SBrkr,1001,653,0,1654,0.0,0.0,2,0,3,1,TA,7,Typ,1,Gd,Detchd,1955.0,Unf,1.0,336.0,TA,TA,N,244,60,0,0,0,0,,,,0,5,2009,WD,Normal,141590.215
365,1826,50,RM,60.0,6000,Pave,,Reg,Lvl,AllPub,Corner,Gtl,BrkSide,Norm,Norm,1Fam,1.5Fin,5,5,1924,1950,Gable,CompShg,Stucco,Stucco,BrkFace,444.0,TA,TA,BrkTil,TA,TA,No,Rec,220.0,Unf,0.0,248.0,468.0,GasA,Gd,Y,SBrkr,822,320,0,1142,0.0,0.0,1,0,3,1,TA,6,Typ,0,,Attchd,1924.0,Fin,1.0,320.0,TA,TA,Y,0,0,98,0,0,0,,,,0,6,2009,WD,Normal,113674.67
366,1827,30,RM,51.0,6120,Pave,,Reg,Lvl,AllPub,Inside,Gtl,BrkSide,Norm,Norm,1Fam,1Story,5,6,1925,1999,Gable,CompShg,MetalSd,MetalSd,,0.0,TA,TA,BrkTil,TA,TA,No,Unf,0.0,Unf,0.0,960.0,960.0,GasA,Gd,Y,SBrkr,995,0,0,995,0.0,0.0,1,0,2,1,TA,5,Typ,0,,Detchd,1926.0,Unf,1.0,264.0,TA,TA,Y,0,15,51,0,0,0,,MnPrv,,0,3,2009,WD,Abnorml,114566.5
367,1828,50,RM,51.0,6120,Pave,,Reg,Lvl,AllPub,Inside,Gtl,BrkSide,Norm,Norm,1Fam,1.5Fin,5,6,1938,1950,Gable,CompShg,Wd Sdng,Wd Sdng,,0.0,TA,TA,BrkTil,TA,Fa,No,LwQ,273.0,Unf,0.0,679.0,952.0,GasA,TA,Y,FuseA,994,588,0,1582,0.0,0.0,2,0,3,1,TA,6,Typ,1,Gd,Detchd,1938.0,Unf,1.0,250.0,Fa,TA,Y,189,0,34,150,0,0,,,,0,2,2009,WD,Normal,133025.795
368,1829,30,RM,50.0,8635,Pave,,Reg,Lvl,AllPub,Inside,Gtl,BrkSide,Norm,Norm,1Fam,1Story,5,5,1925,1950,Hip,CompShg,Wd Sdng,Wd Sdng,,0.0,TA,Fa,BrkTil,TA,TA,No,LwQ,134.0,Unf,0.0,938.0,1072.0,GasA,TA,Y,SBrkr,1072,0,0,1072,1.0,0.0,1,0,2,1,TA,5,Typ,0,,Detchd,1982.0,Unf,5.0,1184.0,Fa,TA,P,0,0,105,0,0,0,,,,0,8,2009,WD,Normal,123814.815
369,1830,70,RM,57.0,8094,Pave,Grvl,Reg,Lvl,AllPub,Inside,Gtl,OldTown,Norm,Norm,1Fam,2Story,6,6,1915,1950,Gable,CompShg,MetalSd,MetalSd,,0.0,TA,TA,PConc,TA,TA,No,Unf,0.0,Unf,0.0,1048.0,1048.0,GasA,Gd,Y,FuseA,1048,720,0,1768,0.0,0.0,2,0,3,1,TA,8,Typ,0,,Detchd,1930.0,Unf,2.0,576.0,Fa,Fa,Y,0,0,150,0,0,0,,,,0,6,2009,WD,Normal,132784.01
370,1831,70,RM,68.0,9928,Pave,Grvl,Reg,Lvl,AllPub,Inside,Gtl,OldTown,Norm,Norm,1Fam,2Story,7,8,1915,1994,Gable,CompShg,Wd Sdng,Wd Sdng,,0.0,TA,Gd,BrkTil,TA,TA,No,Unf,0.0,Unf,0.0,672.0,672.0,GasA,Fa,Y,SBrkr,1272,672,0,1944,0.0,0.0,2,0,3,1,TA,8,Min2,0,,Detchd,1915.0,Unf,1.0,216.0,TA,TA,N,24,28,0,0,0,0,,,Shed,400,6,2009,WD,Normal,144024.835
371,1832,90,RM,50.0,3000,Pave,Grvl,Reg,Bnk,AllPub,Inside,Gtl,OldTown,Norm,Norm,Duplex,2Story,5,1,1922,1950,Hip,CompShg,MetalSd,MetalSd,,0.0,TA,TA,BrkTil,TA,Fa,No,Unf,0.0,Unf,0.0,1040.0,1040.0,GasA,TA,N,SBrkr,1088,1040,0,2128,0.0,0.0,2,0,4,2,TA,11,Sev,0,,,,,0.0,0.0,,,Y,0,56,0,0,0,0,,,,0,9,2009,WD,Abnorml,123922.0
372,1833,70,RM,57.0,6876,Pave,,Reg,Lvl,AllPub,Inside,Gtl,IDOTRR,Norm,Norm,1Fam,2Story,6,5,1927,1950,Gable,CompShg,Plywood,Plywood,,0.0,TA,TA,CBlock,TA,Fa,No,BLQ,522.0,Unf,0.0,198.0,720.0,GasA,Fa,Y,SBrkr,1146,784,0,1930,1.0,0.0,2,0,4,1,TA,8,Typ,0,,Attchd,1927.0,Unf,1.0,316.0,TA,TA,Y,0,0,213,0,0,0,,MnPrv,,0,8,2009,WD,Normal,141574.54
373,1834,70,RM,,5775,Pave,,IR2,Bnk,AllPub,Corner,Mod,OldTown,Feedr,Norm,1Fam,2Story,6,7,1915,2002,Gable,CompShg,Wd Sdng,Wd Sdng,,0.0,TA,TA,BrkTil,TA,TA,No,Unf,0.0,Unf,0.0,483.0,483.0,GasA,Ex,Y,SBrkr,741,686,0,1427,0.0,0.0,1,0,3,1,Gd,7,Typ,0,,Attchd,1915.0,Unf,1.0,379.0,TA,TA,Y,0,24,112,0,0,0,,,,0,2,2009,WD,Normal,137008.245
374,1835,190,RM,41.0,5852,Pave,,IR3,Bnk,AllPub,Corner,Gtl,OldTown,Feedr,Norm,2fmCon,2.5Unf,7,5,1902,2000,Gable,CompShg,MetalSd,MetalSd,Stone,188.0,TA,Fa,BrkTil,TA,Fa,No,Rec,169.0,Unf,0.0,851.0,1020.0,GasA,TA,N,FuseF,978,886,0,1864,0.0,0.0,2,1,6,1,TA,9,Typ,0,,,,,0.0,0.0,,,N,0,188,102,0,0,0,,,,0,5,2009,WD,Normal,135337.285
375,1836,50,RM,60.0,5160,Pave,,Reg,Lvl,AllPub,Corner,Gtl,IDOTRR,Norm,Norm,1Fam,1.5Fin,6,6,1927,1950,Gable,CompShg,MetalSd,MetalSd,,0.0,TA,Fa,BrkTil,TA,TA,No,Unf,0.0,Unf,0.0,1204.0,1204.0,GasA,TA,Y,FuseA,1204,462,0,1666,0.0,0.0,1,0,3,1,TA,4,Typ,0,,Detchd,1927.0,Unf,1.0,384.0,Fa,TA,Y,0,0,148,0,0,0,,,,0,8,2009,WD,Normal,123797.045
376,1837,85,RM,86.0,5160,Pave,Grvl,Reg,Lvl,AllPub,Inside,Gtl,IDOTRR,Norm,Norm,1Fam,SFoyer,4,6,1923,1950,Hip,CompShg,MetalSd,MetalSd,,0.0,TA,Gd,PConc,Gd,Fa,Av,BLQ,749.0,Rec,63.0,46.0,858.0,GasA,TA,Y,SBrkr,892,0,0,892,1.0,0.0,1,0,1,1,Gd,5,Min2,0,,,,,0.0,0.0,,,N,0,0,105,0,160,0,,,,0,7,2009,COD,Abnorml,105244.89
377,1838,190,RM,60.0,10320,Pave,Grvl,Reg,Bnk,AllPub,Inside,Gtl,IDOTRR,Artery,Norm,2fmCon,2Story,6,7,1915,1965,Gable,CompShg,MetalSd,MetalSd,,0.0,TA,Gd,CBlock,TA,TA,No,Rec,276.0,ALQ,262.0,160.0,698.0,GasA,Ex,Y,FuseF,754,649,0,1403,1.0,0.0,1,1,3,1,TA,7,Typ,0,,Detchd,1915.0,Unf,1.0,308.0,TA,TA,Y,0,0,288,0,0,0,,,,0,2,2009,WD,Normal,133351.075
378,1839,20,RL,50.0,4280,Pave,,IR1,Lvl,AllPub,Inside,Gtl,Sawyer,Norm,Norm,1Fam,1Story,4,9,1946,2001,Gable,CompShg,MetalSd,MetalSd,,0.0,TA,Gd,CBlock,Fa,TA,No,Unf,0.0,Unf,0.0,560.0,560.0,GasA,Ex,Y,FuseA,704,0,0,704,0.0,1.0,1,0,2,1,Fa,4,Typ,0,,CarPort,1946.0,Unf,1.0,220.0,TA,TA,Y,0,0,24,0,0,0,,,,0,9,2009,WD,Normal,108181.395
379,1840,90,RL,60.0,10800,Pave,,Reg,Lvl,AllPub,Inside,Gtl,Edwards,Norm,Norm,Duplex,1Story,5,5,1987,1988,Gable,CompShg,Plywood,Plywood,,0.0,TA,Gd,CBlock,Gd,Gd,Gd,GLQ,1200.0,Unf,0.0,0.0,1200.0,GasA,TA,Y,SBrkr,1200,0,0,1200,3.0,0.0,3,0,3,1,TA,5,Typ,0,,,,,0.0,0.0,,,Y,120,0,0,0,0,0,,,,0,3,2009,WD,Alloca,163299.25
380,1841,90,RL,,10547,Pave,,IR1,Lvl,AllPub,Inside,Gtl,Edwards,Norm,Norm,Duplex,SFoyer,5,5,1978,1978,Gable,CompShg,Plywood,Plywood,,0.0,TA,TA,PConc,Gd,Gd,Gd,GLQ,1152.0,Unf,0.0,0.0,1152.0,GasA,TA,Y,SBrkr,1152,0,0,1152,2.0,0.0,2,0,2,2,TA,6,Typ,0,,Detchd,1960.0,Unf,1.0,252.0,TA,Fa,N,0,0,0,0,0,0,,,,0,7,2009,WD,Normal,144229.01
381,1842,50,RL,60.0,9780,Pave,,Reg,Lvl,AllPub,Inside,Gtl,Edwards,Norm,Norm,1Fam,1.5Fin,5,3,1934,1950,Gable,CompShg,MetalSd,MetalSd,,0.0,TA,TA,PConc,TA,TA,No,Unf,0.0,Unf,0.0,585.0,585.0,GasA,TA,N,FuseA,687,425,0,1112,1.0,0.0,2,0,4,1,TA,6,Typ,0,,Detchd,1934.0,Unf,1.0,226.0,Po,Po,N,0,0,0,0,0,0,,,,0,3,2009,WD,Normal,103893.67
382,1843,20,RL,75.0,11625,Pave,,Reg,Lvl,AllPub,Inside,Gtl,Sawyer,Norm,Norm,1Fam,1Story,5,6,1967,1967,Hip,CompShg,HdBoard,HdBoard,BrkFace,172.0,TA,TA,CBlock,TA,TA,No,BLQ,527.0,Unf,0.0,525.0,1052.0,GasA,TA,Y,SBrkr,1052,0,0,1052,0.0,0.0,1,1,3,1,TA,6,Typ,1,Po,Attchd,1984.0,Fin,1.0,668.0,TA,TA,Y,0,215,0,0,0,0,,,,0,4,2009,WD,Abnorml,151630.5
383,1844,85,RL,,8014,Pave,,IR1,Lvl,AllPub,CulDSac,Gtl,Sawyer,Norm,Norm,1Fam,SFoyer,6,5,1978,1978,Gable,CompShg,Plywood,HdBoard,BrkFace,23.0,TA,TA,CBlock,Gd,TA,Gd,GLQ,456.0,Unf,0.0,0.0,456.0,GasA,TA,Y,SBrkr,1034,0,0,1034,0.0,1.0,1,0,3,1,TA,5,Typ,1,Fa,Basment,1978.0,Fin,2.0,504.0,TA,TA,Y,0,0,0,0,0,0,,,,0,6,2009,WD,Normal,146571.115
384,1845,80,RL,88.0,15400,Pave,,Reg,Lvl,AllPub,Inside,Gtl,Sawyer,Norm,Norm,1Fam,SLvl,5,5,1961,1961,Hip,CompShg,HdBoard,HdBoard,,0.0,TA,TA,CBlock,TA,Gd,No,Unf,0.0,Unf,0.0,552.0,552.0,GasA,TA,Y,SBrkr,904,611,259,1774,0.0,0.0,2,0,4,1,TA,8,Typ,1,TA,Attchd,1961.0,Unf,1.0,384.0,TA,TA,Y,290,40,0,0,0,0,,,,0,7,2009,WD,Normal,149524.445
385,1846,80,RL,88.0,15312,Pave,,Reg,Lvl,AllPub,Inside,Gtl,Sawyer,Norm,Norm,1Fam,SLvl,6,5,1960,1960,Hip,CompShg,Wd Sdng,Wd Sdng,BrkFace,54.0,TA,TA,CBlock,TA,TA,Av,BLQ,588.0,Unf,0.0,550.0,1138.0,GasA,Ex,Y,SBrkr,1138,0,0,1138,0.0,1.0,1,0,3,1,TA,6,Typ,1,TA,Attchd,1960.0,RFn,2.0,480.0,TA,TA,Y,0,0,0,0,140,0,,MnPrv,,0,3,2009,COD,Normal,154408.25
386,1847,80,RL,,15584,Pave,,Reg,Lvl,AllPub,Inside,Gtl,ClearCr,Norm,Norm,1Fam,SLvl,5,5,1956,1956,Hip,CompShg,Wd Sdng,Wd Sdng,BrkFace,366.0,TA,TA,CBlock,TA,TA,Mn,Unf,0.0,Unf,0.0,825.0,825.0,GasA,Ex,Y,SBrkr,2071,0,0,2071,0.0,1.0,1,1,4,1,TA,9,Typ,1,TA,Attchd,1956.0,Unf,1.0,336.0,TA,TA,Y,131,28,0,0,0,0,,,,0,10,2009,WD,Normal,167818.75
387,1848,20,RL,,9000,Pave,,Reg,Lvl,AllPub,Corner,Gtl,Sawyer,Norm,Norm,1Fam,1Story,2,2,1947,1950,Gable,CompShg,Wd Sdng,Wd Sdng,,0.0,TA,TA,Slab,,,,,0.0,,0.0,0.0,0.0,GasA,Fa,N,SBrkr,660,0,0,660,0.0,0.0,1,0,2,1,Fa,5,Min2,0,,,,,0.0,0.0,,,N,0,0,100,0,0,0,,,,0,6,2009,WD,Normal,72228.25
388,1849,20,RL,,15635,Pave,,IR1,Lvl,AllPub,CulDSac,Gtl,Edwards,Norm,Norm,1Fam,1Story,4,5,1954,1954,Gable,CompShg,VinylSd,VinylSd,,0.0,TA,TA,CBlock,,,,,0.0,,0.0,0.0,0.0,GasA,TA,Y,SBrkr,1383,0,0,1383,0.0,0.0,1,0,2,1,TA,6,Mod,0,,Attchd,1980.0,Unf,2.0,498.0,Fa,TA,Y,0,0,90,0,110,0,,,,0,10,2009,WD,Normal,121672.585
389,1850,20,RL,68.0,9571,Pave,,Reg,Lvl,AllPub,Inside,Gtl,Edwards,Norm,Norm,1Fam,1Story,5,5,1956,1956,Hip,CompShg,MetalSd,MetalSd,,0.0,TA,TA,CBlock,TA,TA,No,Rec,257.0,Unf,0.0,816.0,1073.0,GasA,TA,Y,FuseA,1073,0,0,1073,1.0,0.0,1,0,2,1,TA,5,Typ,0,,Attchd,1956.0,Unf,1.0,340.0,TA,TA,Y,0,0,0,0,0,0,,GdPrv,,0,2,2009,WD,Normal,125008.125
390,1851,60,RL,50.0,9350,Pave,,Reg,Bnk,AllPub,Inside,Gtl,Edwards,Norm,Norm,1Fam,2Story,6,7,1946,1950,Hip,CompShg,MetalSd,MetalSd,,0.0,TA,TA,CBlock,TA,TA,No,BLQ,342.0,Unf,0.0,405.0,747.0,GasA,Ex,Y,SBrkr,892,747,0,1639,0.0,0.0,1,1,3,1,Gd,6,Typ,1,Gd,Detchd,1946.0,Unf,1.0,240.0,TA,TA,Y,0,50,0,0,0,0,,,,0,7,2009,WD,Normal,154219.355
391,1852,20,RL,62.0,7440,Pave,,Reg,Lvl,AllPub,Inside,Gtl,Edwards,Norm,Norm,1Fam,1Story,5,6,1954,1954,Gable,CompShg,Wd Sdng,Wd Sdng,,0.0,TA,TA,CBlock,Gd,TA,No,BLQ,173.0,Unf,0.0,916.0,1089.0,GasW,TA,Y,SBrkr,1089,0,0,1089,1.0,0.0,1,0,3,1,TA,5,Typ,1,Gd,Detchd,1954.0,RFn,1.0,252.0,TA,TA,P,328,0,0,0,0,0,,MnPrv,,0,9,2009,WD,Normal,132703.0
392,1853,120,RL,42.0,4235,Pave,,Reg,Lvl,AllPub,Inside,Gtl,Edwards,Norm,Norm,TwnhsE,1Story,5,5,1984,1984,Gable,CompShg,HdBoard,HdBoard,BrkFace,149.0,Gd,TA,CBlock,Gd,TA,Mn,GLQ,552.0,ALQ,393.0,104.0,1049.0,GasA,TA,Y,SBrkr,1049,0,0,1049,1.0,0.0,2,0,2,1,Gd,5,Typ,0,,Attchd,1984.0,Fin,1.0,266.0,TA,TA,Y,0,105,0,0,0,0,,,,0,2,2009,WD,Normal,150422.175
393,1854,80,RL,74.0,10778,Pave,,IR1,Lvl,AllPub,Inside,Gtl,SawyerW,Feedr,Norm,1Fam,SLvl,7,6,1990,1991,Gable,CompShg,HdBoard,HdBoard,,0.0,Gd,TA,PConc,Gd,TA,No,GLQ,460.0,ALQ,286.0,308.0,1054.0,GasA,Gd,Y,SBrkr,1061,0,0,1061,1.0,0.0,1,1,1,1,Gd,4,Typ,0,,Attchd,1990.0,Unf,2.0,462.0,TA,TA,Y,114,36,0,0,0,0,,,,0,7,2009,WD,Normal,177341.795
394,1855,80,RL,66.0,19255,Pave,,IR1,Lvl,AllPub,Inside,Gtl,SawyerW,Norm,Norm,1Fam,SLvl,6,5,1983,1983,Gable,CompShg,Wd Sdng,Wd Sdng,BrkFace,100.0,Gd,TA,CBlock,Gd,TA,Av,Rec,70.0,GLQ,450.0,0.0,520.0,GasA,Gd,Y,SBrkr,1338,0,0,1338,0.0,0.0,1,1,2,1,Gd,5,Min2,1,Po,Attchd,1983.0,Unf,2.0,576.0,TA,TA,Y,0,0,0,0,0,0,,,Shed,600,9,2009,WD,Normal,171505.96
395,1856,60,RL,85.0,10560,Pave,,Reg,Lvl,AllPub,Corner,Gtl,SawyerW,Norm,Norm,1Fam,2Story,7,5,1993,1994,Gable,CompShg,VinylSd,VinylSd,,0.0,Gd,Gd,PConc,Gd,Gd,No,GLQ,474.0,Unf,0.0,605.0,1079.0,GasA,Ex,Y,SBrkr,1079,800,0,1879,1.0,0.0,2,1,3,1,Gd,8,Typ,1,TA,Attchd,1993.0,RFn,2.0,473.0,TA,TA,Y,400,100,144,0,0,0,,MnPrv,,0,8,2009,WD,Normal,219413.445
396,1857,70,RL,120.0,26400,Pave,,Reg,Bnk,AllPub,FR2,Gtl,SawyerW,Feedr,Norm,1Fam,2Story,5,7,1880,2007,Gable,CompShg,HdBoard,HdBoard,,0.0,Gd,TA,PConc,,,,,0.0,,0.0,0.0,0.0,GasA,Ex,Y,SBrkr,1288,728,0,2016,0.0,0.0,1,0,4,1,TA,7,Mod,1,TA,Attchd,1900.0,Unf,2.0,576.0,TA,TA,P,0,0,0,0,0,0,,,,0,6,2009,WD,Normal,180893.13
397,1858,90,RL,64.0,7018,Pave,,Reg,Lvl,AllPub,Inside,Gtl,SawyerW,Feedr,Norm,Duplex,2Story,5,5,1979,1979,Gable,CompShg,HdBoard,HdBoard,,0.0,TA,TA,Slab,,,,,0.0,,0.0,0.0,0.0,GasA,TA,Y,SBrkr,1114,1114,0,2228,0.0,0.0,2,0,6,2,TA,8,Typ,0,,Detchd,1979.0,Unf,2.0,720.0,TA,TA,Y,73,0,0,0,0,0,,,,0,6,2009,WD,Alloca,141279.41
398,1859,90,RL,64.0,7018,Pave,,Reg,Bnk,AllPub,Inside,Gtl,SawyerW,Norm,Norm,Duplex,1Story,5,5,1979,1979,Gable,CompShg,HdBoard,HdBoard,,0.0,TA,TA,Slab,,,,,0.0,,0.0,0.0,0.0,GasA,TA,Y,SBrkr,1535,0,0,1535,0.0,0.0,2,0,4,2,TA,8,Typ,0,,Attchd,1979.0,Unf,2.0,400.0,TA,TA,Y,0,0,0,0,0,0,,GdPrv,,0,6,2009,WD,Alloca,122790.73
399,1860,90,RL,64.0,7040,Pave,,Reg,Lvl,AllPub,Inside,Gtl,SawyerW,Feedr,Norm,Duplex,SFoyer,5,5,1979,1979,Gable,CompShg,Plywood,Plywood,BrkFace,216.0,TA,TA,CBlock,Gd,TA,Av,GLQ,1094.0,Unf,0.0,0.0,1094.0,GasA,TA,Y,SBrkr,1229,0,0,1229,2.0,0.0,0,2,2,2,Gd,6,Typ,2,TA,Detchd,1979.0,Unf,2.0,672.0,TA,TA,Y,120,0,0,0,0,0,,,,0,6,2009,WD,Alloca,160524.72
400,1861,90,RL,64.0,7007,Pave,,Reg,Bnk,AllPub,Inside,Gtl,SawyerW,Norm,Norm,Duplex,1Story,5,5,1979,1979,Gable,CompShg,HdBoard,HdBoard,,0.0,TA,TA,Slab,,,,,0.0,,0.0,0.0,0.0,GasA,TA,Y,SBrkr,1513,0,0,1513,0.0,0.0,2,0,4,2,TA,8,Typ,0,,Attchd,1979.0,Unf,2.0,400.0,TA,TA,Y,0,0,0,0,0,0,,,,0,6,2009,WD,Alloca,122382.87
401,1862,90,RL,,11855,Pave,,Reg,Lvl,AllPub,Inside,Gtl,SawyerW,Norm,Norm,Duplex,2Story,7,5,2000,2000,Hip,CompShg,VinylSd,VinylSd,BrkFace,23.0,TA,TA,PConc,Ex,TA,No,GLQ,820.0,Unf,0.0,348.0,1168.0,GasA,Ex,Y,SBrkr,1168,1619,0,2787,2.0,0.0,4,2,6,2,TA,8,Typ,2,TA,BuiltIn,2000.0,Fin,4.0,820.0,TA,TA,Y,312,0,0,0,0,0,,,,0,10,2009,WD,Normal,278861.475
402,1863,90,RL,,7939,Pave,,Reg,Lvl,AllPub,Inside,Gtl,SawyerW,Feedr,Norm,Duplex,2Story,7,5,2000,2000,Hip,CompShg,VinylSd,VinylSd,BrkFace,23.0,TA,TA,PConc,Ex,TA,No,GLQ,820.0,Unf,0.0,348.0,1168.0,GasA,Ex,Y,SBrkr,1168,1619,0,2787,2.0,0.0,4,2,6,2,TA,8,Typ,2,TA,BuiltIn,2000.0,Fin,4.0,820.0,TA,TA,Y,312,0,0,0,0,0,,,,0,10,2009,WD,Normal,266606.975
403,1864,90,RL,,7976,Pave,,Reg,Lvl,AllPub,Inside,Gtl,SawyerW,Feedr,Norm,Duplex,2Story,7,5,2000,2000,Hip,CompShg,VinylSd,VinylSd,BrkFace,23.0,TA,TA,PConc,Ex,TA,No,GLQ,820.0,Unf,0.0,348.0,1168.0,GasA,Ex,Y,SBrkr,1168,1619,0,2787,2.0,0.0,4,2,6,2,TA,8,Typ,2,TA,BuiltIn,2000.0,Fin,4.0,820.0,TA,TA,Y,312,0,0,0,0,0,,,,0,10,2009,WD,Normal,266496.975
404,1865,20,RL,84.0,10933,Pave,,Reg,Lvl,AllPub,Inside,Gtl,CollgCr,Norm,Norm,1Fam,1Story,9,5,2009,2009,Hip,CompShg,VinylSd,VinylSd,Stone,242.0,Ex,TA,PConc,Ex,TA,Gd,GLQ,1021.0,Unf,0.0,534.0,1555.0,GasA,Ex,Y,SBrkr,1680,0,0,1680,1.0,0.0,1,1,1,1,Ex,8,Typ,1,Gd,Attchd,2009.0,Fin,3.0,1138.0,TA,TA,Y,185,24,0,0,0,0,,,,0,7,2009,New,Partial,347556.825
405,1866,20,RL,65.0,10816,Pave,,IR1,Lvl,AllPub,Inside,Gtl,CollgCr,Norm,Norm,1Fam,1Story,9,5,2008,2008,Gable,CompShg,VinylSd,VinylSd,Stone,364.0,Ex,TA,PConc,Ex,TA,Gd,GLQ,1104.0,Unf,0.0,616.0,1720.0,GasA,Ex,Y,SBrkr,1720,0,0,1720,1.0,0.0,2,0,3,1,Ex,8,Typ,1,Gd,Attchd,2008.0,RFn,3.0,846.0,TA,TA,Y,208,104,0,0,0,0,,,,0,11,2009,WD,Normal,331002.815
406,1867,20,RL,71.0,9178,Pave,,Reg,Lvl,AllPub,Inside,Gtl,CollgCr,Norm,Norm,1Fam,1Story,8,5,2008,2008,Gable,CompShg,VinylSd,VinylSd,,0.0,Gd,TA,PConc,Gd,TA,Av,Unf,0.0,Unf,0.0,1468.0,1468.0,GasA,Ex,Y,SBrkr,1468,0,0,1468,0.0,0.0,2,0,3,1,Gd,6,Typ,1,Gd,Attchd,2008.0,RFn,3.0,904.0,TA,TA,Y,192,142,0,0,0,0,,,,0,6,2009,WD,Normal,234224.33
407,1868,20,RL,77.0,11422,Pave,,IR1,Lvl,AllPub,Inside,Gtl,CollgCr,Norm,Norm,1Fam,1Story,8,5,2007,2008,Hip,CompShg,VinylSd,VinylSd,Stone,352.0,Gd,TA,PConc,Ex,TA,Av,GLQ,1359.0,Unf,0.0,479.0,1838.0,GasA,Ex,Y,SBrkr,1838,0,0,1838,1.0,0.0,2,0,3,1,Gd,7,Typ,2,Gd,Attchd,2007.0,RFn,2.0,524.0,TA,TA,Y,154,222,0,0,0,0,,,,0,4,2009,WD,Normal,295694.23
408,1869,20,RL,64.0,6762,Pave,,Reg,Lvl,AllPub,Inside,Gtl,CollgCr,Norm,Norm,1Fam,1Story,7,5,2007,2007,Gable,CompShg,VinylSd,VinylSd,,0.0,Gd,TA,PConc,Gd,TA,Av,GLQ,902.0,Unf,0.0,380.0,1282.0,GasA,Ex,Y,SBrkr,1290,0,0,1290,1.0,0.0,2,0,2,1,Gd,6,Typ,1,Gd,Attchd,2007.0,RFn,2.0,662.0,TA,TA,Y,168,0,0,0,0,0,,,,0,5,2009,WD,Normal,199011.915
409,1870,20,RL,95.0,10324,Pave,,IR1,Lvl,AllPub,Corner,Gtl,CollgCr,Norm,Norm,1Fam,1Story,8,5,2008,2008,Gable,CompShg,VinylSd,VinylSd,BrkFace,140.0,Gd,TA,PConc,Gd,TA,Av,GLQ,872.0,Unf,0.0,382.0,1254.0,GasA,Ex,Y,SBrkr,1254,0,0,1254,1.0,0.0,2,0,2,1,Gd,5,Typ,0,,Attchd,2008.0,RFn,3.0,810.0,TA,TA,Y,168,92,0,0,0,0,,,,0,3,2009,WD,Normal,231952.815
410,1871,20,RL,78.0,11645,Pave,,Reg,Lvl,AllPub,Inside,Gtl,CollgCr,Norm,Norm,1Fam,1Story,8,5,2005,2006,Gable,CompShg,VinylSd,VinylSd,Stone,76.0,Gd,TA,PConc,Ex,TA,Gd,GLQ,24.0,Unf,0.0,1474.0,1498.0,GasA,Ex,Y,SBrkr,1498,0,0,1498,0.0,0.0,2,0,3,1,Gd,7,Typ,1,Gd,Attchd,2005.0,Fin,3.0,844.0,TA,TA,Y,144,98,0,0,0,0,,,,0,3,2009,WD,Normal,263795.68
411,1872,60,RL,79.0,11646,Pave,,IR1,Lvl,AllPub,Inside,Gtl,CollgCr,Norm,Norm,1Fam,2Story,6,5,2005,2006,Gable,CompShg,VinylSd,VinylSd,,0.0,Gd,TA,PConc,Gd,TA,Av,Unf,0.0,Unf,0.0,704.0,704.0,GasA,Ex,Y,SBrkr,704,718,0,1422,0.0,0.0,2,1,3,1,Gd,7,Typ,1,Gd,Attchd,2005.0,Fin,2.0,440.0,TA,TA,Y,36,28,0,0,0,0,,,,0,7,2009,WD,Normal,183613.405
412,1873,60,RL,,16698,Pave,,IR1,HLS,AllPub,CulDSac,Mod,ClearCr,Norm,Norm,1Fam,2Story,7,5,1992,1993,Gable,CompShg,VinylSd,VinylSd,,0.0,Gd,TA,PConc,Gd,TA,Av,GLQ,800.0,Unf,0.0,649.0,1449.0,GasA,Gd,Y,SBrkr,944,815,0,1759,1.0,0.0,2,1,3,1,Gd,7,Typ,1,TA,Attchd,1992.0,Unf,2.0,525.0,TA,TA,Y,150,193,0,0,0,0,,,,0,6,2009,WD,Normal,230058.04
413,1874,20,RL,65.0,9757,Pave,,Reg,Low,AllPub,Inside,Mod,CollgCr,Norm,Norm,1Fam,1Story,5,7,1994,1994,Gable,CompShg,VinylSd,VinylSd,,0.0,TA,Gd,PConc,TA,TA,No,ALQ,755.0,Unf,0.0,235.0,990.0,GasA,Ex,Y,SBrkr,990,0,0,990,1.0,0.0,1,0,3,1,TA,5,Typ,0,,Attchd,1995.0,RFn,1.0,440.0,TA,TA,Y,66,0,0,0,92,0,,,,0,10,2009,WD,Normal,142281.25
414,1875,20,RL,65.0,14753,Pave,,IR2,Low,AllPub,Inside,Gtl,CollgCr,PosN,Norm,1Fam,1Story,7,5,1998,1998,Gable,CompShg,VinylSd,VinylSd,,0.0,TA,TA,PConc,Gd,TA,Mn,GLQ,950.0,Unf,0.0,513.0,1463.0,GasA,Ex,Y,SBrkr,1463,0,0,1463,1.0,0.0,2,0,3,1,TA,5,Typ,0,,Attchd,1998.0,Fin,2.0,539.0,TA,TA,Y,0,81,0,0,0,0,,GdPrv,,0,12,2009,WD,Normal,202316.03
415,1876,60,RL,70.0,8750,Pave,,Reg,Lvl,AllPub,Inside,Gtl,CollgCr,Norm,Norm,1Fam,2Story,6,5,1998,1998,Gable,CompShg,VinylSd,VinylSd,BrkFace,120.0,TA,TA,PConc,Gd,TA,No,GLQ,606.0,Unf,0.0,322.0,928.0,GasA,Ex,Y,SBrkr,928,844,0,1772,1.0,0.0,2,1,3,1,TA,7,Typ,1,TA,Attchd,1998.0,RFn,2.0,492.0,TA,TA,Y,150,96,0,0,0,0,,,,0,4,2009,WD,Normal,195848.9
416,1877,20,RL,65.0,10739,Pave,,IR1,Lvl,AllPub,Inside,Gtl,CollgCr,Norm,Norm,1Fam,1Story,7,5,2002,2001,Gable,CompShg,VinylSd,VinylSd,BrkFace,68.0,Gd,TA,PConc,Gd,TA,No,GLQ,1259.0,Unf,0.0,172.0,1431.0,GasA,Ex,Y,SBrkr,1444,0,0,1444,1.0,0.0,2,0,3,1,Gd,6,Typ,0,,Attchd,2002.0,RFn,2.0,577.0,TA,TA,Y,144,40,0,0,0,0,,,,0,4,2009,WD,Normal,213632.975
417,1878,20,RL,75.0,11166,Pave,,Reg,Lvl,AllPub,Inside,Gtl,CollgCr,Norm,Norm,1Fam,1Story,7,5,2001,2001,Gable,CompShg,VinylSd,VinylSd,BrkFace,180.0,Gd,TA,PConc,Gd,TA,Mn,GLQ,24.0,Unf,0.0,1468.0,1492.0,GasA,Ex,Y,SBrkr,1492,0,0,1492,0.0,0.0,2,0,3,1,Gd,6,Typ,1,TA,Attchd,2001.0,RFn,2.0,608.0,TA,TA,Y,0,114,0,0,168,0,,,,0,7,2009,WD,Family,221605.945
418,1879,20,RL,,16269,Pave,,IR1,Lvl,AllPub,CulDSac,Gtl,CollgCr,Norm,Norm,1Fam,1Story,5,5,1978,1978,Gable,CompShg,MetalSd,MetalSd,BrkFace,76.0,TA,TA,BrkTil,Gd,TA,Av,GLQ,625.0,Unf,0.0,282.0,907.0,GasA,TA,Y,SBrkr,907,0,0,907,0.0,0.0,1,0,3,1,TA,5,Typ,0,,Attchd,1978.0,Unf,1.0,343.0,TA,TA,Y,72,0,0,0,0,0,,MnPrv,,0,7,2009,WD,Normal,135850.0
419,1880,20,RL,76.0,6950,Pave,,IR1,Lvl,AllPub,Inside,Gtl,CollgCr,Norm,Norm,1Fam,1Story,5,7,1979,1979,Gable,CompShg,HdBoard,HdBoard,BrkFace,40.0,TA,TA,CBlock,TA,TA,No,ALQ,710.0,BLQ,72.0,132.0,914.0,GasA,TA,Y,SBrkr,914,0,0,914,1.0,0.0,1,0,2,1,TA,5,Typ,0,,Attchd,1979.0,Unf,2.0,444.0,TA,TA,Y,0,0,0,0,0,0,,,,0,10,2009,WD,Normal,135923.25
420,1881,20,RL,90.0,11664,Pave,,Reg,Lvl,AllPub,Corner,Gtl,CollgCr,Norm,Norm,1Fam,1Story,7,5,2002,2002,Hip,CompShg,VinylSd,VinylSd,,0.0,Gd,TA,PConc,Gd,TA,Av,GLQ,1234.0,Unf,0.0,335.0,1569.0,GasA,Ex,Y,SBrkr,1611,0,0,1611,1.0,0.0,2,0,3,1,Gd,6,Typ,0,,Attchd,2002.0,RFn,3.0,1231.0,TA,TA,Y,262,93,0,0,0,0,,,,0,9,2009,WD,Normal,250046.115
421,1882,60,RL,,12334,Pave,,IR1,Lvl,AllPub,Inside,Gtl,CollgCr,Norm,Norm,1Fam,2Story,8,5,2003,2003,Gable,CompShg,VinylSd,VinylSd,BrkFace,198.0,Gd,TA,PConc,Gd,TA,Av,Unf,0.0,Unf,0.0,1068.0,1068.0,GasA,Ex,Y,SBrkr,1068,1116,0,2184,0.0,0.0,2,1,4,1,Gd,8,Typ,1,Gd,BuiltIn,2003.0,RFn,2.0,570.0,TA,TA,Y,192,132,0,0,0,0,,,,0,6,2009,WD,Normal,249562.445
422,1883,60,RL,70.0,8749,Pave,,Reg,Lvl,AllPub,Inside,Gtl,CollgCr,Norm,Norm,1Fam,2Story,7,5,2002,2002,Gable,CompShg,VinylSd,VinylSd,,,Gd,TA,PConc,Gd,TA,No,Unf,0.0,Unf,0.0,840.0,840.0,GasA,Ex,Y,SBrkr,840,885,0,1725,0.0,0.0,2,1,3,1,Gd,6,Typ,0,,Attchd,2002.0,RFn,2.0,550.0,TA,TA,Y,0,48,0,0,0,0,,,,0,11,2009,WD,Normal,197405.5
423,1884,60,RL,,11250,Pave,,Reg,Lvl,AllPub,Corner,Gtl,CollgCr,Norm,Norm,1Fam,2Story,7,5,2001,2001,Gable,CompShg,VinylSd,VinylSd,,0.0,Gd,TA,PConc,Gd,TA,No,Unf,0.0,Unf,0.0,944.0,944.0,GasA,Ex,Y,SBrkr,944,926,0,1870,0.0,0.0,2,1,3,1,Gd,6,Typ,0,,Attchd,2001.0,RFn,2.0,608.0,TA,TA,Y,256,43,0,0,0,0,,,,0,5,2009,WD,Normal,208591.78
424,1885,20,RL,90.0,15750,Pave,,Reg,Lvl,AllPub,FR3,Gtl,CollgCr,Feedr,Norm,1Fam,1Story,8,5,1999,2000,Gable,CompShg,VinylSd,VinylSd,BrkFace,260.0,Gd,TA,PConc,Gd,TA,Gd,GLQ,1246.0,Unf,0.0,216.0,1462.0,GasA,Ex,Y,SBrkr,1513,0,0,1513,1.0,0.0,2,0,2,1,Gd,5,Typ,1,TA,Attchd,1999.0,Fin,2.0,521.0,TA,TA,Y,135,34,0,0,0,0,,,,0,6,2009,WD,Normal,240982.89
425,1886,20,RL,,12782,Pave,,Reg,Lvl,AllPub,Inside,Gtl,CollgCr,Norm,Norm,1Fam,1Story,8,5,2002,2003,Hip,CompShg,HdBoard,HdBoard,BrkFace,164.0,Gd,TA,PConc,Ex,TA,Gd,GLQ,1360.0,Unf,0.0,462.0,1822.0,GasA,Ex,Y,SBrkr,1828,0,0,1828,1.0,0.0,2,0,3,1,Gd,7,Typ,1,Gd,Attchd,2002.0,Fin,2.0,523.0,TA,TA,Y,194,144,0,0,0,0,,,,0,6,2009,WD,Normal,290316.28
426,1887,20,RL,70.0,8750,Pave,,Reg,Lvl,AllPub,Inside,Gtl,CollgCr,Norm,Norm,1Fam,1Story,7,5,1997,1998,Gable,CompShg,VinylSd,VinylSd,BrkFace,209.0,Gd,TA,PConc,Gd,TA,Av,GLQ,1111.0,Unf,0.0,306.0,1417.0,GasA,Ex,Y,SBrkr,1417,0,0,1417,1.0,0.0,2,0,3,1,Gd,7,Typ,1,TA,Attchd,1997.0,Unf,2.0,511.0,TA,TA,Y,60,0,0,0,117,0,,,,0,8,2009,WD,Normal,206779.6
427,1888,20,RL,85.0,10200,Pave,,Reg,Lvl,AllPub,Inside,Gtl,CollgCr,Norm,Norm,1Fam,1Story,8,5,2007,2007,Gable,CompShg,VinylSd,VinylSd,BrkFace,180.0,Gd,TA,PConc,Gd,TA,Av,GLQ,1478.0,Unf,0.0,100.0,1578.0,GasA,Ex,Y,SBrkr,1602,0,0,1602,1.0,0.0,2,0,3,1,Gd,7,Typ,1,Gd,Attchd,2007.0,RFn,3.0,810.0,TA,TA,Y,0,48,0,0,195,0,,,,0,1,2009,WD,Normal,277836.42
428,1889,60,RL,85.0,11069,Pave,,Reg,Lvl,AllPub,Corner,Gtl,CollgCr,Norm,Norm,1Fam,2Story,6,5,2007,2007,Gable,CompShg,VinylSd,VinylSd,,0.0,Gd,TA,PConc,Gd,TA,No,Unf,0.0,Unf,0.0,608.0,608.0,GasA,Ex,Y,SBrkr,608,788,0,1396,0.0,0.0,2,1,3,1,Gd,6,Typ,1,Gd,BuiltIn,2007.0,Fin,2.0,440.0,TA,TA,Y,100,36,0,0,0,0,,,,0,7,2009,WD,Normal,181591.7
429,1890,20,RL,80.0,10682,Pave,,Reg,Lvl,AllPub,Inside,Gtl,Edwards,Norm,Norm,1Fam,1Story,4,6,1960,1971,Gable,CompShg,HdBoard,HdBoard,,0.0,TA,TA,CBlock,TA,TA,No,GLQ,399.0,Unf,0.0,615.0,1014.0,GasA,TA,Y,SBrkr,1149,0,0,1149,1.0,0.0,1,0,3,1,TA,7,Min1,0,,2Types,1968.0,Fin,1.0,544.0,TA,TA,Y,0,240,0,0,0,0,,MnPrv,,0,7,2009,WD,Normal,140558.875
430,1891,180,RM,35.0,3675,Pave,,Reg,Lvl,AllPub,Inside,Gtl,Edwards,Norm,Norm,TwnhsE,SFoyer,6,5,2005,2006,Gable,CompShg,VinylSd,VinylSd,BrkFace,80.0,TA,TA,Wood,Gd,TA,Gd,GLQ,547.0,Unf,0.0,0.0,547.0,GasA,Gd,Y,SBrkr,1072,0,0,1072,1.0,0.0,1,0,2,1,TA,5,Typ,0,,Basment,2005.0,Fin,2.0,525.0,TA,TA,Y,0,28,0,0,0,0,,,,0,4,2009,WD,Normal,140716.355
431,1892,20,RL,64.0,6410,Pave,,Reg,HLS,AllPub,Inside,Mod,Edwards,Norm,Norm,1Fam,1Story,4,5,1959,1959,Gable,CompShg,AsbShng,AsbShng,,0.0,TA,TA,CBlock,TA,TA,No,LwQ,332.0,Rec,243.0,301.0,876.0,GasA,TA,Y,FuseA,876,0,0,876,0.0,0.0,1,0,3,1,TA,5,Typ,0,,Detchd,1959.0,Unf,1.0,320.0,TA,TA,Y,0,0,0,0,0,0,,MnPrv,,0,3,2009,WD,Normal,114036.21
432,1893,20,RL,70.0,11767,Pave,,Reg,Lvl,AllPub,Inside,Gtl,Edwards,Norm,Norm,1Fam,1Story,5,5,1950,1950,Gable,CompShg,MetalSd,MetalSd,,0.0,TA,TA,CBlock,Fa,TA,Mn,Rec,1078.0,Unf,0.0,0.0,1078.0,GasA,TA,Y,FuseA,1368,0,0,1368,1.0,0.0,1,0,3,1,TA,6,Min1,0,,Attchd,1950.0,RFn,1.0,195.0,TA,TA,Y,0,41,211,0,0,0,,,Shed,900,6,2009,WD,Normal,131788.0
433,1894,90,RL,65.0,10926,Pave,,Reg,Lvl,AllPub,Inside,Gtl,Edwards,Norm,Norm,Duplex,1Story,5,5,1959,1959,Hip,CompShg,VinylSd,VinylSd,BrkFace,74.0,TA,TA,CBlock,TA,TA,No,Unf,0.0,Unf,0.0,1678.0,1678.0,GasA,TA,Y,SBrkr,1678,0,0,1678,0.0,0.0,2,0,6,2,TA,10,Typ,0,,,,,0.0,0.0,,,Y,0,0,0,0,0,0,,,,0,8,2009,WD,Normal,134783.63
434,1895,20,RL,70.0,11767,Pave,,Reg,Lvl,AllPub,Inside,Gtl,Edwards,Norm,Norm,1Fam,1Story,5,5,1956,1956,Hip,CompShg,HdBoard,HdBoard,BrkFace,259.0,TA,TA,CBlock,TA,TA,No,Rec,546.0,Unf,0.0,604.0,1150.0,GasA,Ex,Y,SBrkr,1560,0,0,1560,0.0,0.0,1,0,2,1,TA,7,Min1,1,TA,Attchd,1956.0,Unf,1.0,313.0,TA,TA,Y,0,0,0,0,0,0,,,,0,5,2009,WD,Normal,150858.485
435,1896,50,RL,45.0,8212,Pave,Grvl,Reg,Lvl,AllPub,Inside,Gtl,Edwards,Norm,Norm,1Fam,1.5Fin,5,6,1941,1950,Gable,CompShg,Wd Sdng,Wd Sdng,,0.0,TA,TA,CBlock,TA,TA,No,Rec,626.0,Unf,0.0,94.0,720.0,GasA,Ex,Y,SBrkr,854,444,0,1298,0.0,0.0,1,0,3,1,TA,6,Typ,2,Gd,Detchd,1940.0,Unf,1.0,256.0,TA,TA,Y,84,0,0,0,0,0,,,,0,9,2009,WD,Normal,125909.385
436,1897,50,RH,70.0,6300,Pave,Pave,Reg,Lvl,AllPub,Corner,Gtl,SWISU,Norm,Norm,1Fam,1.5Fin,5,4,1938,1950,Gable,CompShg,MetalSd,MetalSd,BrkFace,88.0,TA,TA,PConc,TA,Fa,No,LwQ,832.0,Unf,0.0,0.0,832.0,GasA,TA,Y,SBrkr,832,436,0,1268,0.0,0.0,1,1,3,1,TA,7,Typ,2,Gd,Basment,1938.0,Unf,1.0,250.0,TA,TA,Y,0,0,55,0,0,0,,,,0,7,2009,WD,Abnorml,135136.185
437,1898,70,RL,43.0,5707,Pave,,Reg,Bnk,AllPub,Inside,Gtl,SWISU,Feedr,Norm,1Fam,2Story,6,6,1935,1950,Gable,CompShg,Wd Sdng,Wd Sdng,,0.0,TA,TA,BrkTil,TA,TA,No,Unf,0.0,Unf,0.0,583.0,583.0,GasA,Gd,Y,FuseF,647,595,0,1242,0.0,0.0,1,1,3,1,TA,6,Typ,1,Gd,Detchd,1926.0,Unf,1.0,180.0,Fa,TA,Y,329,96,0,0,0,0,,,,0,3,2009,WD,Normal,133090.155
438,1899,30,RL,64.0,8574,Pave,,Reg,Lvl,AllPub,Inside,Gtl,Crawfor,Norm,Norm,1Fam,1Story,6,8,1916,2000,Gable,CompShg,Stucco,Stucco,,0.0,Gd,TA,BrkTil,TA,TA,No,Unf,0.0,Unf,0.0,816.0,816.0,GasA,Ex,Y,SBrkr,1232,0,0,1232,0.0,0.0,1,0,3,1,Gd,6,Typ,1,Gd,Detchd,1916.0,Unf,2.0,440.0,TA,TA,Y,0,0,180,0,0,0,,,,0,10,2009,WD,Normal,155259.94
439,1900,70,RL,53.0,7155,Pave,,Reg,Lvl,AllPub,Inside,Gtl,Crawfor,Norm,Norm,1Fam,2Story,7,8,1918,1990,Gambrel,CompShg,Wd Sdng,Wd Sdng,,0.0,TA,TA,BrkTil,TA,Fa,Mn,Unf,0.0,Unf,0.0,600.0,600.0,GasA,Ex,Y,SBrkr,628,600,0,1228,0.0,0.0,1,0,3,1,TA,6,Typ,1,Gd,Detchd,1918.0,Unf,1.0,215.0,Fa,TA,Y,0,113,0,0,195,0,,MnPrv,,0,5,2009,WD,Normal,145152.07
440,1901,50,RL,60.0,13680,Pave,,Reg,HLS,AllPub,Inside,Mod,Crawfor,Norm,Norm,1Fam,1.5Fin,5,6,1940,1950,Gable,CompShg,Wd Sdng,Wd Sdng,,0.0,TA,TA,CBlock,TA,TA,No,ALQ,728.0,Unf,0.0,112.0,840.0,GasA,Ex,Y,SBrkr,840,727,0,1567,1.0,0.0,1,1,2,1,TA,6,Min2,2,TA,Detchd,1961.0,Unf,2.0,440.0,TA,TA,Y,0,21,150,0,0,0,,GdPrv,,0,2,2009,WD,Normal,157296.905
441,1902,20,RL,80.0,14680,Pave,Grvl,IR1,HLS,AllPub,Inside,Gtl,Crawfor,Norm,Norm,1Fam,1Story,5,4,1960,1960,Gable,CompShg,MetalSd,MetalSd,,0.0,TA,TA,CBlock,TA,TA,No,Rec,793.0,Unf,0.0,480.0,1273.0,GasA,Ex,Y,SBrkr,1273,0,0,1273,0.0,0.0,1,0,2,1,TA,5,Typ,0,,Attchd,1960.0,Unf,1.0,307.0,TA,TA,Y,483,0,0,0,115,0,,MnPrv,,0,6,2009,WD,Normal,143595.8
442,1903,90,RL,,8145,Pave,,IR1,HLS,AllPub,Corner,Gtl,Crawfor,Norm,Norm,Duplex,2.5Unf,7,6,1940,1950,Gable,CompShg,Wd Sdng,Wd Sdng,,0.0,TA,TA,BrkTil,TA,TA,No,LwQ,246.0,Unf,0.0,674.0,920.0,GasA,Ex,Y,SBrkr,1240,1240,0,2480,0.0,0.0,2,1,5,2,TA,13,Typ,2,Gd,Detchd,1940.0,Unf,2.0,400.0,TA,TA,Y,0,0,57,0,0,0,,,,0,7,2009,WD,Normal,189686.235
443,1904,20,RL,70.0,9100,Pave,,Reg,Lvl,AllPub,Inside,Gtl,Crawfor,Feedr,Norm,1Fam,1Story,5,6,1954,1954,Gable,CompShg,BrkFace,BrkFace,,0.0,TA,Gd,BrkTil,TA,TA,Mn,Rec,154.0,ALQ,694.0,264.0,1112.0,GasA,Ex,Y,SBrkr,1112,0,0,1112,1.0,0.0,1,0,2,1,TA,6,Typ,1,Gd,Attchd,1954.0,Unf,1.0,390.0,TA,TA,Y,0,0,0,0,0,0,,MnPrv,,0,10,2009,WD,Family,139324.685
444,1905,20,RL,90.0,13339,Pave,,IR1,Lvl,AllPub,Inside,Gtl,Crawfor,Norm,Norm,1Fam,1Story,6,6,1960,1960,Gable,CompShg,HdBoard,Plywood,Stone,132.0,TA,TA,CBlock,TA,TA,No,LwQ,65.0,BLQ,875.0,621.0,1561.0,GasA,TA,Y,SBrkr,1561,0,0,1561,1.0,0.0,2,0,3,1,TA,6,Typ,1,Gd,Attchd,1960.0,Fin,2.0,463.0,TA,TA,Y,0,148,0,0,120,0,,,,0,5,2009,WD,Normal,183207.95
445,1906,50,RL,78.0,15600,Pave,,Reg,Bnk,AllPub,Inside,Gtl,Crawfor,Norm,Norm,1Fam,1.5Fin,5,7,1949,2005,Gable,CompShg,BrkComm,Brk Cmn,,0.0,TA,TA,BrkTil,TA,TA,No,BLQ,312.0,Rec,507.0,248.0,1067.0,GasW,Fa,N,SBrkr,986,537,0,1523,1.0,0.0,2,0,3,1,Fa,7,Maj2,1,TA,Attchd,1949.0,Unf,1.0,295.0,TA,TA,Y,0,0,81,0,0,0,,,,0,10,2009,WD,Normal,148621.27
446,1907,20,RL,100.0,17500,Pave,,Reg,Bnk,AllPub,Corner,Mod,Crawfor,PosA,Norm,1Fam,1Story,6,5,1954,1954,Gable,CompShg,HdBoard,HdBoard,Stone,420.0,TA,TA,PConc,TA,TA,Av,LwQ,784.0,BLQ,435.0,91.0,1310.0,GasA,Ex,Y,SBrkr,1906,0,0,1906,1.0,0.0,1,1,3,1,TA,6,Typ,2,Gd,Basment,1954.0,Unf,2.0,576.0,TA,TA,Y,0,201,0,0,0,0,,,,0,1,2009,WD,Normal,199077.39
447,1908,160,RM,24.0,1733,Pave,,Reg,Lvl,AllPub,Inside,Gtl,Blueste,Norm,Norm,Twnhs,2Story,6,6,1980,1980,Gable,CompShg,MetalSd,MetalSd,,0.0,TA,TA,CBlock,TA,TA,No,Unf,0.0,Unf,0.0,516.0,516.0,GasA,TA,Y,SBrkr,516,516,0,1032,0.0,0.0,1,0,2,1,TA,5,Typ,1,TA,Detchd,1980.0,Unf,2.0,452.0,TA,TA,Y,279,0,0,0,0,0,,GdPrv,,0,5,2009,WD,Normal,124749.965
448,1909,160,RM,24.0,1488,Pave,,Reg,Lvl,AllPub,Inside,Gtl,Blueste,Norm,Norm,TwnhsE,2Story,6,6,1980,1992,Gable,CompShg,MetalSd,MetalSd,,0.0,TA,Gd,CBlock,Gd,TA,Mn,ALQ,471.0,Unf,0.0,90.0,561.0,GasA,TA,Y,SBrkr,561,668,0,1229,1.0,0.0,1,1,2,1,Gd,5,Typ,1,TA,Attchd,1980.0,Fin,2.0,462.0,TA,TA,Y,176,0,0,0,0,0,,GdPrv,,0,10,2009,WD,Normal,143872.805
449,1910,160,RM,24.0,1612,Pave,,Reg,Lvl,AllPub,Inside,Gtl,Blueste,Norm,Norm,Twnhs,2Story,6,6,1980,1980,Gable,CompShg,MetalSd,MetalSd,,0.0,TA,TA,CBlock,Gd,TA,No,Unf,0.0,Unf,0.0,561.0,561.0,GasA,TA,Y,SBrkr,561,668,0,1229,0.0,0.0,1,1,2,1,TA,5,Typ,1,TA,Attchd,1980.0,Fin,2.0,462.0,TA,TA,Y,154,0,0,0,0,0,,MnPrv,,0,7,2009,WD,Normal,128076.7
450,1911,80,RL,,13607,Pave,,IR1,Lvl,AllPub,Inside,Gtl,Crawfor,Norm,Norm,1Fam,SLvl,6,6,1986,1986,Gable,CompShg,VinylSd,VinylSd,BrkFace,242.0,TA,Gd,CBlock,TA,TA,No,ALQ,454.0,Unf,0.0,118.0,572.0,GasA,Gd,Y,SBrkr,1182,800,0,1982,1.0,0.0,2,1,3,1,TA,6,Typ,1,TA,BuiltIn,1986.0,Fin,2.0,501.0,TA,TA,Y,400,112,0,0,0,0,,,Shed,1500,4,2009,WD,Normal,190627.91
451,1912,20,RL,,17597,Pave,,Reg,Bnk,AllPub,Inside,Gtl,Crawfor,Norm,Norm,1Fam,1Story,7,9,1971,2009,Hip,CompShg,BrkFace,BrkFace,,0.0,Gd,Gd,CBlock,Gd,TA,No,GLQ,803.0,ALQ,419.0,581.0,1803.0,GasA,TA,Y,SBrkr,2365,0,0,2365,1.0,0.0,2,0,3,1,Ex,7,Min1,2,Gd,Attchd,1971.0,Fin,2.0,551.0,TA,TA,Y,200,144,0,0,0,0,,GdPrv,,0,7,2009,WD,Normal,270353.165
452,1913,70,RM,50.0,8660,Pave,,Reg,Bnk,AllPub,Inside,Gtl,IDOTRR,Norm,Norm,1Fam,2Story,5,6,1900,1993,Gambrel,CompShg,AsbShng,AsbShng,,0.0,TA,TA,BrkTil,TA,TA,No,Unf,0.0,Unf,0.0,760.0,760.0,GasA,Ex,N,SBrkr,928,928,312,2168,0.0,0.0,2,0,5,1,Gd,11,Typ,0,,Detchd,1998.0,Unf,2.0,576.0,TA,TA,Y,467,160,78,0,0,0,,,,0,12,2009,WD,Normal,159610.285
453,1914,30,C (all),60.0,10200,Pave,Grvl,Reg,Lvl,AllPub,Inside,Gtl,IDOTRR,Norm,Norm,1Fam,1Story,4,6,1925,1950,Gable,CompShg,MetalSd,MetalSd,,0.0,TA,TA,BrkTil,TA,TA,No,Unf,0.0,Unf,0.0,572.0,572.0,GasA,Fa,N,FuseP,572,0,0,572,0.0,0.0,1,0,2,1,TA,4,Typ,0,,Detchd,1940.0,Unf,1.0,200.0,TA,TA,N,0,0,72,0,0,0,,,,0,5,2009,WD,Normal,88609.04
454,1915,120,RM,44.0,3843,Pave,,IR1,HLS,AllPub,Inside,Mod,Crawfor,Norm,Norm,TwnhsE,1Story,8,5,2007,2008,Hip,CompShg,CemntBd,CmentBd,Stone,174.0,Ex,TA,PConc,Ex,TA,Gd,GLQ,1476.0,Unf,0.0,120.0,1596.0,GasA,Ex,Y,SBrkr,1648,0,0,1648,1.0,1.0,2,0,2,1,Ex,5,Typ,1,Gd,Attchd,2007.0,Fin,2.0,482.0,TA,TA,Y,162,53,0,153,0,0,,,,0,6,2009,New,Partial,322995.44
455,1916,30,,109.0,21780,Grvl,,Reg,Lvl,,Inside,Gtl,IDOTRR,Norm,Norm,1Fam,1Story,2,4,1910,1950,Gable,CompShg,Wd Sdng,Wd Sdng,,0.0,Fa,Fa,CBlock,,,,,0.0,,0.0,0.0,0.0,GasA,TA,N,FuseA,810,0,0,810,0.0,0.0,1,0,1,1,TA,4,Min1,0,,Detchd,1975.0,Unf,1.0,280.0,TA,TA,N,119,24,0,0,0,0,,,,0,3,2009,ConLD,Normal,97598.175
456,1917,60,RL,75.0,10125,Pave,,Reg,Lvl,AllPub,Inside,Gtl,Mitchel,Norm,Norm,1Fam,2Story,8,5,2000,2001,Gable,CompShg,CemntBd,CmentBd,,0.0,Gd,TA,PConc,Gd,TA,No,ALQ,445.0,BLQ,250.0,412.0,1107.0,GasA,Ex,Y,SBrkr,1040,1012,0,2052,0.0,0.0,2,1,3,1,Gd,7,Typ,1,TA,BuiltIn,2000.0,Fin,3.0,642.0,TA,TA,Y,210,91,0,0,0,0,,,,0,5,2009,WD,Normal,251939.865
457,1918,85,RL,75.0,9750,Pave,,Reg,Lvl,AllPub,Inside,Gtl,Mitchel,Norm,Norm,1Fam,SFoyer,6,6,1977,1977,Gable,CompShg,Plywood,Plywood,,0.0,TA,TA,CBlock,TA,TA,Av,ALQ,767.0,Unf,0.0,135.0,902.0,GasA,Ex,Y,SBrkr,926,0,0,926,1.0,0.0,1,0,2,1,TA,5,Typ,1,TA,Attchd,1977.0,Unf,1.0,351.0,TA,TA,Y,319,0,0,0,0,0,,MnPrv,,0,4,2009,WD,Normal,140538.62
458,1919,85,RL,72.0,9360,Pave,,Reg,Bnk,AllPub,Inside,Gtl,Mitchel,Norm,Norm,1Fam,SFoyer,6,7,1977,1977,Gable,CompShg,Plywood,Plywood,,0.0,TA,TA,CBlock,Gd,TA,Av,GLQ,841.0,LwQ,116.0,0.0,957.0,GasA,TA,Y,SBrkr,1287,0,0,1287,1.0,0.0,1,1,2,1,TA,5,Typ,2,Fa,Attchd,1977.0,RFn,2.0,541.0,TA,TA,Y,302,39,0,0,120,0,,GdWo,,0,11,2009,WD,Normal,161438.04
459,1920,20,RL,82.0,11070,Pave,,Reg,Lvl,AllPub,Inside,Gtl,Mitchel,Norm,Norm,1Fam,1Story,5,5,1991,1991,Gable,CompShg,HdBoard,HdBoard,,0.0,TA,TA,PConc,Gd,TA,No,BLQ,55.0,Unf,0.0,1527.0,1582.0,GasA,TA,Y,SBrkr,1595,0,0,1595,1.0,0.0,2,0,2,1,TA,5,Typ,0,,Detchd,1991.0,Unf,2.0,672.0,TA,TA,Y,0,0,0,0,0,0,,,,0,4,2009,COD,Abnorml,172900.145
460,1921,20,RL,113.0,13438,Pave,,IR1,HLS,AllPub,Corner,Gtl,Timber,Norm,Norm,1Fam,1Story,9,5,2008,2008,Gable,CompShg,CemntBd,CmentBd,Stone,246.0,Ex,TA,CBlock,Ex,TA,Gd,GLQ,1758.0,Unf,0.0,432.0,2190.0,GasA,Ex,Y,SBrkr,2036,0,0,2036,1.0,0.0,2,0,3,1,Ex,9,Typ,1,Ex,Attchd,2008.0,Fin,3.0,780.0,TA,TA,Y,90,154,0,0,0,0,,,,0,7,2009,WD,Normal,370235.435
461,1922,20,RL,79.0,14463,Pave,,IR1,HLS,AllPub,Corner,Gtl,Timber,Norm,Norm,1Fam,1Story,9,5,2008,2008,Gable,CompShg,CemntBd,CmentBd,BrkFace,406.0,Ex,TA,PConc,Ex,TA,Gd,GLQ,1115.0,Unf,0.0,526.0,1641.0,GasA,Ex,Y,SBrkr,1641,0,0,1641,1.0,0.0,2,0,3,1,Ex,7,Typ,0,,Attchd,2008.0,Fin,3.0,885.0,TA,TA,Y,0,95,0,0,0,0,,,,0,1,2009,WD,Normal,307222.135
462,1923,60,RL,,9839,Pave,,IR1,Lvl,AllPub,CulDSac,Gtl,Timber,Norm,Norm,1Fam,2Story,6,8,1980,2006,Gable,CompShg,MetalSd,MetalSd,,0.0,TA,Gd,PConc,Gd,TA,No,ALQ,462.0,Unf,0.0,250.0,712.0,GasA,Ex,Y,SBrkr,1375,862,0,2237,0.0,0.0,2,1,3,1,Gd,7,Typ,1,TA,BuiltIn,1980.0,Fin,2.0,440.0,TA,TA,Y,305,24,0,0,0,0,,,Shed,2500,2,2009,WD,Normal,202362.195
463,1924,80,RL,125.0,14419,Pave,,IR1,Lvl,AllPub,Corner,Gtl,Timber,Norm,Norm,1Fam,SLvl,7,5,1987,1989,Hip,CompShg,Plywood,Plywood,BrkFace,310.0,TA,TA,PConc,Gd,TA,Gd,GLQ,904.0,ALQ,624.0,117.0,1645.0,GasA,Ex,Y,SBrkr,1479,0,0,1479,2.0,0.0,2,1,3,1,Gd,7,Min1,1,Fa,Attchd,1987.0,Fin,2.0,578.0,TA,TA,Y,224,238,0,0,0,0,,,,0,7,2009,WD,Normal,233140.25
464,1925,60,RL,75.0,9157,Pave,,IR1,Lvl,AllPub,Corner,Gtl,Timber,Norm,Norm,1Fam,2Story,7,5,2003,2003,Gable,CompShg,VinylSd,VinylSd,,0.0,Gd,TA,PConc,Gd,TA,No,Unf,0.0,Unf,0.0,912.0,912.0,GasA,Ex,Y,SBrkr,1072,942,0,2014,0.0,0.0,2,1,3,1,Gd,9,Typ,0,,Attchd,2003.0,Fin,2.0,486.0,TA,TA,Y,124,114,0,0,0,0,,,,0,2,2009,WD,Abnorml,211286.79
465,1926,20,RL,85.0,12633,Pave,,IR1,HLS,AllPub,Inside,Gtl,Timber,Norm,Norm,1Fam,1Story,9,5,2007,2007,Hip,CompShg,CemntBd,CmentBd,Stone,290.0,Ex,TA,PConc,Ex,TA,Gd,GLQ,1640.0,Unf,0.0,338.0,1978.0,GasA,Ex,Y,SBrkr,1978,0,0,1978,1.0,0.0,2,0,2,1,Ex,7,Typ,1,Gd,Attchd,2007.0,Fin,3.0,920.0,TA,TA,Y,308,52,0,0,0,0,,,,0,5,2009,WD,Normal,371056.055
466,1927,20,RL,75.0,12518,Pave,,IR1,Lvl,AllPub,Inside,Gtl,Mitchel,Norm,Norm,1Fam,1Story,5,7,1968,1968,Gable,CompShg,HdBoard,HdBoard,BrkFace,182.0,TA,TA,CBlock,TA,TA,No,ALQ,532.0,Unf,0.0,476.0,1008.0,GasA,Gd,Y,SBrkr,1008,0,0,1008,0.0,0.0,1,0,3,1,Gd,6,Typ,0,,Attchd,1968.0,Unf,1.0,384.0,TA,TA,Y,144,0,0,0,0,0,,MnPrv,,0,4,2009,WD,Normal,141764.5
467,1928,20,RL,83.0,13383,Pave,,IR1,Lvl,AllPub,Inside,Mod,Mitchel,Norm,Norm,1Fam,1Story,5,5,1969,2000,Hip,CompShg,HdBoard,HdBoard,BrkFace,176.0,TA,TA,CBlock,TA,TA,No,BLQ,594.0,Unf,0.0,594.0,1188.0,GasA,Ex,Y,SBrkr,1404,0,0,1404,0.0,0.0,2,0,3,1,TA,7,Typ,1,Po,Attchd,1969.0,Unf,2.0,504.0,TA,TA,Y,0,16,0,0,0,0,,,,0,3,2009,WD,Normal,161152.575
468,1929,85,RL,50.0,7689,Pave,,IR1,Lvl,AllPub,Inside,Gtl,Mitchel,Norm,Norm,1Fam,SFoyer,5,8,1972,1972,Gable,CompShg,MetalSd,MetalSd,,0.0,TA,TA,CBlock,Gd,TA,Av,GLQ,720.0,BLQ,76.0,0.0,796.0,GasA,Gd,Y,SBrkr,796,0,0,796,0.0,1.0,1,0,2,1,TA,4,Typ,0,,Detchd,1998.0,Unf,1.0,336.0,TA,TA,Y,138,0,0,0,0,0,,MnPrv,,0,7,2009,WD,Normal,124788.15
469,1930,80,RL,62.0,7706,Pave,,Reg,Lvl,AllPub,Inside,Gtl,Mitchel,Norm,Norm,1Fam,SLvl,6,5,1993,1996,Gable,CompShg,HdBoard,HdBoard,,0.0,TA,Gd,CBlock,Gd,TA,Av,Rec,114.0,GLQ,270.0,0.0,384.0,GasA,Ex,Y,SBrkr,1091,0,0,1091,0.0,1.0,1,0,2,1,TA,5,Typ,0,,Attchd,1993.0,Fin,1.0,429.0,TA,TA,Y,280,0,0,0,0,0,,,Shed,700,8,2009,WD,Normal,144561.055
470,1931,85,RL,70.0,7669,Pave,,Reg,Lvl,AllPub,Inside,Gtl,Mitchel,Norm,Norm,1Fam,SFoyer,5,6,1992,1993,Gable,CompShg,HdBoard,Wd Shng,,0.0,TA,TA,PConc,Gd,TA,Av,GLQ,718.0,LwQ,110.0,0.0,828.0,GasA,TA,Y,SBrkr,883,0,0,883,1.0,0.0,1,0,2,1,TA,5,Typ,1,Fa,Detchd,1998.0,Unf,2.0,698.0,TA,TA,Y,100,32,0,0,0,0,,GdPrv,,0,6,2009,WD,Normal,151866.185
471,1932,60,RL,62.0,10429,Pave,,Reg,Lvl,AllPub,Inside,Gtl,Mitchel,Norm,Norm,1Fam,2Story,5,5,1992,1992,Gable,CompShg,HdBoard,Wd Shng,,0.0,TA,TA,PConc,Gd,TA,No,ALQ,330.0,Unf,0.0,294.0,624.0,GasA,TA,Y,SBrkr,624,663,0,1287,0.0,0.0,1,1,3,1,TA,6,Typ,0,,Detchd,2001.0,Unf,2.0,440.0,TA,TA,Y,150,0,0,0,0,0,,,,0,7,2009,WD,Normal,144758.18
472,1933,60,RL,70.0,10457,Pave,,IR1,Lvl,AllPub,Inside,Mod,Mitchel,Norm,Norm,1Fam,2Story,5,7,1969,1969,Gable,CompShg,VinylSd,VinylSd,BrkFace,178.0,Gd,Ex,CBlock,TA,TA,Gd,BLQ,496.0,LwQ,288.0,0.0,784.0,GasA,Ex,Y,SBrkr,784,848,0,1632,0.0,0.0,1,1,4,1,TA,7,Typ,1,TA,Attchd,1969.0,RFn,2.0,898.0,TA,TA,Y,0,173,368,0,0,0,,MnPrv,,0,4,2009,WD,Normal,184649.2
473,1934,60,RL,72.0,8702,Pave,,IR1,Lvl,AllPub,Inside,Gtl,Gilbert,Norm,Norm,1Fam,2Story,6,5,1997,1998,Gable,CompShg,VinylSd,VinylSd,,0.0,TA,TA,PConc,TA,TA,No,BLQ,706.0,Unf,0.0,220.0,926.0,GasA,Ex,Y,SBrkr,926,678,0,1604,0.0,0.0,2,1,3,1,TA,7,Typ,1,TA,Attchd,1997.0,Fin,2.0,470.0,TA,TA,Y,0,36,0,0,0,0,,,,0,4,2008,WD,Normal,181182.11
474,1935,60,RL,65.0,8139,Pave,,Reg,Lvl,AllPub,Inside,Gtl,Gilbert,Norm,Norm,1Fam,2Story,6,5,1995,1996,Gable,CompShg,VinylSd,VinylSd,BrkFace,119.0,TA,TA,PConc,Gd,TA,No,ALQ,476.0,Unf,0.0,204.0,680.0,GasA,Gd,Y,SBrkr,680,790,0,1470,0.0,0.0,2,1,3,1,TA,7,Typ,1,TA,BuiltIn,1995.0,Fin,2.0,420.0,TA,TA,Y,192,49,0,0,0,0,,,,0,10,2008,WD,Normal,182324.435
475,1936,60,RL,59.0,9535,Pave,,IR1,Lvl,AllPub,Inside,Gtl,Gilbert,Norm,Norm,1Fam,2Story,6,5,1998,1998,Gable,CompShg,VinylSd,VinylSd,,0.0,TA,TA,PConc,Gd,TA,Gd,GLQ,851.0,Unf,0.0,75.0,926.0,GasA,Ex,Y,SBrkr,926,678,0,1604,0.0,0.0,2,1,3,1,TA,7,Typ,0,,Attchd,1998.0,Fin,2.0,472.0,TA,TA,Y,100,82,0,0,0,0,,,,0,5,2008,WD,Normal,191718.045
476,1937,60,RL,,15038,Pave,,IR2,Lvl,AllPub,Corner,Gtl,Gilbert,Norm,Norm,1Fam,2Story,6,5,1996,1996,Gable,CompShg,HdBoard,HdBoard,,0.0,TA,TA,PConc,Gd,TA,No,Rec,138.0,Unf,0.0,778.0,916.0,GasA,Gd,Y,SBrkr,916,720,0,1636,0.0,0.0,2,1,3,1,TA,7,Typ,1,TA,Attchd,1996.0,Fin,2.0,386.0,TA,TA,Y,168,84,0,0,0,0,,,,0,11,2008,WD,Normal,187517.15
477,1938,20,RL,53.0,14137,Pave,,IR1,Lvl,AllPub,Inside,Gtl,Gilbert,Norm,Norm,1Fam,1Story,5,5,1996,1997,Gable,CompShg,HdBoard,HdBoard,,0.0,Gd,TA,PConc,Gd,TA,No,GLQ,450.0,Unf,0.0,898.0,1348.0,GasA,Gd,Y,SBrkr,1384,0,0,1384,1.0,0.0,2,0,3,1,Gd,7,Typ,0,,Attchd,1996.0,Unf,2.0,404.0,TA,TA,Y,0,39,0,0,0,0,,,,0,11,2008,WD,Normal,182088.105
478,1939,120,RL,45.0,6264,Pave,,IR1,Lvl,AllPub,Corner,Gtl,StoneBr,Norm,Norm,1Fam,1Story,8,5,1997,1997,Gable,CompShg,CemntBd,CmentBd,,0.0,Gd,TA,PConc,Ex,TA,Mn,GLQ,656.0,Unf,0.0,1008.0,1664.0,GasA,Ex,Y,SBrkr,1682,0,0,1682,1.0,0.0,1,1,1,1,Gd,6,Min1,1,TA,Attchd,1997.0,Fin,2.0,528.0,TA,TA,Y,0,0,0,0,0,0,,,,0,7,2008,WD,Normal,244828.205
479,1940,120,RL,39.0,5070,Pave,,IR1,HLS,AllPub,Inside,Gtl,StoneBr,Norm,Norm,TwnhsE,1Story,8,5,1992,1992,Gable,CompShg,HdBoard,HdBoard,,0.0,Gd,TA,PConc,Gd,TA,Mn,Unf,0.0,Unf,0.0,1280.0,1280.0,GasA,Ex,Y,SBrkr,1280,0,0,1280,0.0,0.0,2,0,2,1,Gd,5,Typ,0,,Attchd,1992.0,RFn,2.0,506.0,TA,TA,Y,0,82,0,0,144,0,,,,0,8,2008,WD,Normal,197055.11
480,1941,60,RL,73.0,11184,Pave,,IR1,Lvl,AllPub,Corner,Gtl,Gilbert,Norm,Norm,1Fam,2Story,6,5,1998,1998,Gable,CompShg,VinylSd,VinylSd,,0.0,TA,TA,PConc,Gd,TA,No,Unf,0.0,Unf,0.0,932.0,932.0,GasA,Gd,Y,SBrkr,932,701,0,1633,0.0,0.0,2,1,3,1,TA,7,Typ,1,TA,Attchd,1998.0,Fin,2.0,460.0,TA,TA,Y,0,39,0,0,0,0,,,,0,4,2008,WD,Family,176987.965
481,1942,60,RL,,14067,Pave,,Reg,Lvl,AllPub,FR3,Gtl,Gilbert,Norm,Norm,1Fam,2Story,6,5,1991,1991,Gable,CompShg,HdBoard,HdBoard,BrkFace,194.0,TA,TA,PConc,Gd,TA,No,ALQ,504.0,Unf,0.0,332.0,836.0,GasA,Gd,Y,SBrkr,851,858,0,1709,1.0,0.0,2,1,3,1,Gd,7,Typ,0,,Attchd,1991.0,Fin,2.0,416.0,TA,TA,Y,0,40,0,0,0,0,,GdPrv,,0,9,2008,WD,Normal,189305.335
482,1943,120,RL,65.0,5950,Pave,,IR1,HLS,AllPub,Inside,Mod,StoneBr,Norm,Norm,TwnhsE,1Story,8,5,1989,1989,Gable,CompShg,HdBoard,HdBoard,,0.0,Gd,TA,PConc,Gd,TA,Gd,GLQ,319.0,Unf,0.0,1018.0,1337.0,GasA,Gd,Y,SBrkr,1337,0,0,1337,1.0,0.0,2,0,2,1,Gd,5,Typ,1,TA,Attchd,1989.0,RFn,2.0,462.0,TA,TA,Y,0,73,154,0,0,0,,,,0,4,2008,WD,Normal,209823.67
483,1944,60,RL,101.0,13543,Pave,,IR1,HLS,AllPub,Corner,Gtl,StoneBr,Norm,Norm,1Fam,2Story,8,5,2005,2005,Gable,CompShg,VinylSd,VinylSd,Stone,130.0,Gd,TA,PConc,Ex,TA,Gd,GLQ,16.0,Unf,0.0,1152.0,1168.0,GasA,Ex,Y,SBrkr,1168,1332,0,2500,0.0,0.0,3,1,5,1,Ex,9,Typ,1,Gd,BuiltIn,2005.0,Fin,3.0,683.0,TA,TA,Y,192,32,0,0,0,0,,,,0,7,2008,WD,Normal,333521.655
484,1945,20,RL,53.0,15401,Pave,,IR1,HLS,AllPub,CulDSac,Gtl,StoneBr,Norm,Norm,1Fam,1Story,9,5,2004,2004,Hip,CompShg,VinylSd,VinylSd,BrkFace,296.0,Ex,TA,PConc,Ex,TA,Gd,GLQ,1337.0,Unf,0.0,547.0,1884.0,GasA,Ex,Y,SBrkr,1884,0,0,1884,1.0,0.0,2,0,2,1,Ex,7,Typ,1,Gd,Attchd,2004.0,Fin,3.0,670.0,TA,TA,Y,214,76,0,0,0,0,,,,0,9,2008,WD,Normal,361239.28
485,1946,20,RL,,31220,Pave,,IR1,Bnk,,FR2,Gtl,Gilbert,Feedr,Norm,1Fam,1Story,6,2,1952,1952,Hip,CompShg,BrkFace,BrkFace,,0.0,TA,TA,CBlock,TA,TA,No,Unf,0.0,Unf,0.0,1632.0,1632.0,GasA,TA,Y,FuseA,1474,0,0,1474,0.0,0.0,1,0,3,1,TA,7,Min2,2,Gd,Attchd,1952.0,Unf,2.0,495.0,TA,TA,Y,0,0,144,0,0,0,,,Shed,750,5,2008,WD,Normal,165827.5
486,1947,120,RL,60.0,8118,Pave,,Reg,HLS,AllPub,Inside,Gtl,StoneBr,PosN,PosN,TwnhsE,1Story,9,5,2007,2007,Hip,CompShg,MetalSd,MetalSd,BrkFace,178.0,Ex,TA,PConc,Ex,TA,Gd,GLQ,1034.0,Unf,0.0,676.0,1710.0,GasA,Ex,Y,SBrkr,1710,0,0,1710,1.0,0.0,2,0,2,1,Ex,6,Typ,1,Gd,Attchd,2007.0,RFn,2.0,557.0,TA,TA,Y,156,48,0,0,0,0,,,,0,7,2008,WD,Normal,306427.095
487,1948,20,RL,,47280,Pave,,IR1,Lvl,AllPub,Inside,Gtl,Gilbert,Norm,Norm,1Fam,1Story,6,5,1950,1950,Hip,CompShg,AsbShng,AsbShng,BrkFace,44.0,TA,TA,CBlock,TA,TA,No,Unf,0.0,Unf,0.0,1488.0,1488.0,GasA,Gd,Y,SBrkr,1488,0,0,1488,0.0,0.0,2,1,3,1,TA,6,Typ,1,TA,Attchd,1950.0,RFn,2.0,738.0,TA,TA,Y,0,0,180,0,0,0,,,,0,7,2008,WD,Family,171581.45
488,1949,20,RL,63.0,12680,Pave,,IR1,Lvl,AllPub,Inside,Gtl,NWAmes,Norm,Norm,1Fam,1Story,7,6,1988,1988,Gable,CompShg,Plywood,Wd Sdng,BrkFace,102.0,Gd,TA,CBlock,Gd,Gd,Mn,GLQ,983.0,Unf,0.0,692.0,1675.0,GasA,Ex,Y,SBrkr,1688,0,0,1688,1.0,0.0,2,0,2,1,Ex,6,Typ,1,Ex,Attchd,1988.0,RFn,2.0,528.0,TA,TA,Y,0,48,0,0,141,0,,,,0,6,2008,WD,Normal,236016.735
489,1950,20,RL,,10825,Pave,,IR1,Lvl,AllPub,Inside,Gtl,NWAmes,Norm,Norm,1Fam,1Story,7,7,1983,1983,Gable,CompShg,WdShing,Plywood,BrkFace,174.0,Gd,TA,CBlock,Gd,TA,Mn,GLQ,747.0,Unf,0.0,513.0,1260.0,GasA,TA,Y,SBrkr,1260,0,0,1260,1.0,0.0,2,0,3,1,TA,6,Typ,0,,Attchd,1983.0,Unf,2.0,598.0,TA,TA,Y,152,0,0,0,0,0,,,,0,7,2008,WD,Normal,176495.845
490,1951,20,RL,56.0,18559,Pave,,IR1,Lvl,AllPub,CulDSac,Gtl,NWAmes,Norm,Norm,1Fam,1Story,7,5,1978,1978,Hip,CompShg,Plywood,Plywood,BrkFace,383.0,Gd,Gd,CBlock,Gd,TA,No,GLQ,1206.0,Rec,186.0,656.0,2048.0,GasA,TA,Y,SBrkr,2064,0,0,2064,1.0,0.0,2,0,3,1,Gd,7,Typ,2,Fa,Attchd,1978.0,Fin,2.0,550.0,TA,TA,Y,200,0,0,0,0,0,,,,0,8,2008,WD,Normal,239030.43
491,1952,20,RL,85.0,14450,Pave,,Reg,Lvl,AllPub,Inside,Gtl,NWAmes,Norm,Norm,1Fam,1Story,7,5,1979,1979,Hip,CompShg,Plywood,Plywood,BrkFace,194.0,Gd,TA,CBlock,Gd,Fa,No,ALQ,864.0,LwQ,449.0,469.0,1782.0,GasA,TA,Y,SBrkr,1782,0,0,1782,0.0,1.0,2,0,3,1,Gd,6,Typ,1,TA,Attchd,1979.0,Fin,2.0,551.0,TA,TA,Y,467,0,0,0,0,0,,,,0,3,2008,WD,Normal,209093.15
492,1953,20,RL,90.0,13068,Pave,,Reg,Lvl,AllPub,Corner,Gtl,NWAmes,Norm,Norm,1Fam,1Story,6,5,1976,1976,Hip,CompShg,HdBoard,HdBoard,BrkFace,621.0,TA,TA,PConc,Gd,TA,No,ALQ,890.0,Rec,48.0,273.0,1211.0,GasA,TA,Y,SBrkr,1211,0,0,1211,1.0,0.0,2,0,3,1,Gd,6,Typ,1,Po,Attchd,1976.0,Fin,2.0,461.0,TA,TA,Y,0,0,0,174,0,0,,MnPrv,,0,11,2008,WD,Normal,177223.325
493,1954,60,RL,80.0,10400,Pave,,Reg,Lvl,AllPub,Inside,Gtl,NWAmes,Norm,Norm,1Fam,2Story,7,6,1980,1988,Gable,CompShg,HdBoard,HdBoard,BrkFace,280.0,TA,TA,CBlock,Gd,TA,Mn,Unf,0.0,Unf,0.0,738.0,738.0,GasA,TA,Y,SBrkr,1277,767,0,2044,0.0,0.0,2,1,3,1,TA,7,Min1,1,TA,Attchd,1980.0,Unf,2.0,489.0,TA,TA,Y,28,73,0,0,0,0,,,,0,3,2008,WD,Normal,187518.995
494,1955,60,RL,75.0,9743,Pave,,Reg,Lvl,AllPub,Inside,Gtl,NWAmes,Norm,Norm,1Fam,2Story,5,6,1969,1969,Gable,CompShg,VinylSd,VinylSd,,0.0,TA,TA,CBlock,TA,Fa,No,BLQ,280.0,Unf,0.0,440.0,720.0,GasA,Gd,Y,SBrkr,720,588,0,1308,0.0,0.0,1,1,3,1,TA,7,Typ,0,,Detchd,1969.0,Unf,2.0,484.0,TA,TA,Y,0,0,0,0,0,0,,,,0,6,2008,WD,Normal,134151.71
495,1956,60,RL,,12511,Pave,,IR1,Lvl,AllPub,Corner,Gtl,NWAmes,Norm,Norm,1Fam,2Story,7,7,1978,1978,Mansard,WdShake,Plywood,Plywood,BrkFace,168.0,Gd,TA,PConc,Gd,TA,No,ALQ,988.0,Unf,0.0,432.0,1420.0,GasA,Ex,Y,SBrkr,1420,1420,0,2840,0.0,1.0,2,1,4,1,Gd,8,Min2,2,Gd,Attchd,1978.0,Fin,4.0,1314.0,TA,Gd,Y,0,16,0,0,208,0,,MnPrv,,0,12,2008,WD,Normal,262099.5
496,1957,20,RL,80.0,10400,Pave,,Reg,Lvl,AllPub,Inside,Gtl,NWAmes,Norm,Norm,1Fam,1Story,6,5,1976,1976,Gable,CompShg,HdBoard,HdBoard,BrkFace,120.0,TA,TA,CBlock,TA,TA,No,Unf,0.0,Unf,0.0,1444.0,1444.0,GasA,TA,Y,SBrkr,1444,0,0,1444,0.0,0.0,2,0,2,1,TA,5,Typ,1,Gd,Attchd,1976.0,Unf,2.0,473.0,TA,TA,Y,0,24,0,0,0,0,,GdWo,,0,4,2008,WD,Normal,163324.3
497,1958,60,RL,,14311,Pave,,IR1,Lvl,AllPub,FR3,Gtl,NWAmes,Norm,Norm,1Fam,2Story,8,5,1996,1996,Gable,CompShg,VinylSd,VinylSd,BrkFace,402.0,Gd,TA,PConc,Gd,TA,No,GLQ,1023.0,Unf,0.0,213.0,1236.0,GasA,Ex,Y,SBrkr,1236,1104,0,2340,1.0,0.0,2,1,4,1,Gd,9,Typ,1,Gd,Attchd,1996.0,RFn,3.0,787.0,TA,TA,Y,192,180,218,0,0,0,,GdPrv,,0,6,2008,WD,Normal,293294.425
498,1959,90,RL,60.0,9000,Pave,,Reg,Lvl,AllPub,FR2,Gtl,NAmes,Norm,Norm,Duplex,2Story,5,5,1974,1974,Gable,CompShg,VinylSd,VinylSd,,0.0,TA,TA,CBlock,Gd,TA,Mn,Unf,0.0,Unf,0.0,896.0,896.0,GasA,TA,Y,SBrkr,896,896,0,1792,0.0,0.0,2,2,4,2,TA,8,Typ,0,,Detchd,1982.0,Unf,2.0,480.0,TA,TA,Y,0,45,0,0,0,0,,,,0,6,2008,WD,Normal,148689.915
499,1960,20,RL,68.0,10295,Pave,,Reg,Lvl,AllPub,FR2,Gtl,NAmes,Norm,Norm,1Fam,1Story,4,6,1969,1969,Gable,CompShg,HdBoard,HdBoard,BrkFace,72.0,TA,TA,CBlock,Gd,TA,Mn,Rec,252.0,Unf,0.0,684.0,936.0,GasA,TA,Y,SBrkr,936,0,0,936,0.0,0.0,1,0,2,1,TA,4,Typ,0,,Attchd,1969.0,Unf,1.0,288.0,TA,TA,Y,16,0,0,0,0,0,,,,0,9,2008,COD,Normal,121650.875
500,1961,20,RL,63.0,7560,Pave,,Reg,Lvl,AllPub,Inside,Gtl,NAmes,Norm,Norm,1Fam,1Story,5,5,1971,1971,Hip,CompShg,MetalSd,MetalSd,,0.0,TA,TA,CBlock,Gd,TA,No,Rec,119.0,ALQ,613.0,132.0,864.0,GasA,TA,Y,SBrkr,864,0,0,864,1.0,0.0,1,0,3,1,TA,5,Typ,0,,Detchd,1977.0,Unf,2.0,576.0,TA,TA,Y,0,0,0,0,0,0,,,,0,5,2008,WD,Normal,125039.23
501,1962,160,RM,21.0,1680,Pave,,Reg,Lvl,AllPub,Inside,Gtl,BrDale,Norm,Norm,Twnhs,2Story,6,5,1973,1973,Gable,CompShg,HdBoard,HdBoard,BrkFace,359.0,TA,TA,CBlock,TA,TA,No,LwQ,458.0,Unf,0.0,25.0,483.0,GasA,TA,Y,SBrkr,483,504,0,987,0.0,1.0,1,1,2,1,TA,5,Typ,0,,Detchd,1973.0,Unf,1.0,264.0,TA,TA,Y,52,0,0,0,0,0,,,,0,2,2008,WD,Normal,96264.0
502,1963,160,RM,21.0,1890,Pave,,Reg,Lvl,AllPub,Inside,Gtl,BrDale,Norm,Norm,Twnhs,2Story,6,6,1972,1972,Gable,CompShg,HdBoard,HdBoard,BrkFace,422.0,TA,TA,CBlock,TA,TA,No,LwQ,483.0,Unf,0.0,0.0,483.0,GasA,Gd,Y,SBrkr,483,504,0,987,0.0,0.0,1,1,2,1,TA,5,Typ,0,,Detchd,1975.0,Unf,1.0,352.0,TA,TA,Y,411,0,0,0,0,0,,,,0,4,2008,WD,Normal,102859.5
503,1964,160,RM,21.0,1680,Pave,,Reg,Lvl,AllPub,Inside,Gtl,BrDale,Norm,Norm,Twnhs,2Story,5,5,1972,1972,Gable,CompShg,HdBoard,HdBoard,BrkFace,356.0,TA,TA,CBlock,TA,TA,No,Rec,350.0,Unf,0.0,280.0,630.0,GasA,TA,Y,SBrkr,630,672,0,1302,0.0,0.0,2,1,3,1,TA,6,Typ,0,,Detchd,1972.0,Unf,1.0,264.0,TA,TA,Y,0,0,0,0,0,0,,,,0,12,2008,WD,Normal,110630.5
504,1965,160,RL,24.0,2308,Pave,,Reg,Lvl,AllPub,FR2,Gtl,NPkVill,Norm,Norm,TwnhsE,2Story,6,6,1975,1975,Gable,CompShg,Plywood,Brk Cmn,,0.0,TA,TA,CBlock,Gd,TA,No,ALQ,286.0,LwQ,294.0,275.0,855.0,GasA,Gd,Y,SBrkr,855,601,0,1456,0.0,0.0,2,1,4,1,TA,7,Typ,0,,Attchd,1975.0,RFn,2.0,460.0,TA,TA,Y,0,0,0,0,0,0,,,,0,5,2008,WD,Normal,148670.565
505,1966,120,RL,24.0,2529,Pave,,Reg,Lvl,AllPub,Inside,Gtl,NPkVill,Norm,Norm,Twnhs,1Story,7,6,1977,1977,Gable,CompShg,Plywood,Brk Cmn,,0.0,TA,TA,CBlock,Gd,TA,No,ALQ,378.0,Unf,0.0,677.0,1055.0,GasA,Fa,Y,SBrkr,1055,0,0,1055,0.0,0.0,2,0,2,1,TA,4,Typ,0,,Attchd,1977.0,Unf,2.0,440.0,TA,TA,Y,0,38,0,0,0,0,,,,0,9,2008,WD,Normal,141081.67
506,1967,20,RL,98.0,12704,Pave,,Reg,Lvl,AllPub,Inside,Gtl,NridgHt,Norm,Norm,1Fam,1Story,8,5,2007,2007,Hip,CompShg,VinylSd,VinylSd,Stone,302.0,Gd,TA,PConc,Ex,TA,No,GLQ,1012.0,Unf,0.0,570.0,1582.0,GasA,Ex,Y,SBrkr,1582,0,0,1582,1.0,0.0,2,0,3,1,Gd,7,Typ,0,,Attchd,2007.0,Fin,3.0,905.0,TA,TA,Y,209,95,0,0,0,0,,,,0,1,2008,New,Partial,300181.755
507,1968,20,RL,105.0,13693,Pave,,Reg,Lvl,AllPub,Inside,Gtl,NridgHt,Norm,Norm,1Fam,1Story,8,5,2007,2007,Hip,CompShg,VinylSd,VinylSd,Stone,554.0,Gd,TA,PConc,Ex,TA,Gd,GLQ,1728.0,BLQ,495.0,195.0,2418.0,GasA,Ex,Y,SBrkr,2464,0,0,2464,1.0,0.0,2,1,4,1,Ex,9,Typ,1,Ex,Attchd,2007.0,Fin,3.0,650.0,TA,TA,Y,358,78,0,0,0,0,,,,0,8,2008,WD,Normal,393102.08
508,1969,20,RL,104.0,14418,Pave,,IR1,Lvl,AllPub,Inside,Gtl,NridgHt,Norm,Norm,1Fam,1Story,9,5,2007,2007,Hip,CompShg,VinylSd,VinylSd,BrkFace,480.0,Ex,TA,PConc,Ex,TA,Gd,GLQ,1375.0,Unf,0.0,575.0,1950.0,GasA,Ex,Y,SBrkr,1950,0,0,1950,1.0,0.0,2,0,2,1,Ex,7,Typ,1,Gd,Attchd,2007.0,Fin,3.0,706.0,TA,TA,Y,156,207,0,0,0,0,,,,0,5,2008,WD,Normal,366319.59
509,1970,60,RL,108.0,13418,Pave,,Reg,Lvl,AllPub,Inside,Gtl,NridgHt,Norm,Norm,1Fam,2Story,9,5,2006,2006,Hip,CompShg,VinylSd,VinylSd,BrkFace,270.0,Gd,TA,PConc,Ex,TA,Gd,GLQ,1420.0,Unf,0.0,430.0,1850.0,GasA,Ex,Y,SBrkr,1850,898,0,2748,1.0,0.0,2,1,4,1,Ex,9,Typ,1,Gd,BuiltIn,2006.0,Fin,3.0,850.0,TA,TA,Y,212,182,0,0,0,0,,,,0,10,2008,WD,Abnorml,395809.315
510,1971,60,RL,96.0,12539,Pave,,Reg,Lvl,AllPub,Inside,Gtl,NridgHt,PosN,Norm,1Fam,2Story,10,5,2005,2006,Hip,CompShg,CemntBd,CmentBd,BrkFace,468.0,Ex,TA,PConc,Ex,TA,Gd,GLQ,1082.0,Unf,0.0,538.0,1620.0,GasA,Ex,Y,SBrkr,1632,1158,0,2790,1.0,0.0,2,1,4,1,Ex,10,Typ,1,Ex,BuiltIn,2005.0,Fin,4.0,1150.0,TA,TA,Y,30,200,0,0,192,0,,,,0,6,2008,WD,Normal,384723.4
511,1972,60,RL,102.0,12151,Pave,,IR1,Lvl,AllPub,Inside,Gtl,NridgHt,Norm,Norm,1Fam,2Story,9,5,2005,2005,Gable,CompShg,CemntBd,CmentBd,BrkFace,368.0,Gd,TA,PConc,Ex,TA,Av,GLQ,1249.0,Unf,0.0,165.0,1414.0,GasA,Ex,Y,SBrkr,1414,917,0,2331,1.0,0.0,2,1,3,1,Ex,9,Typ,1,Gd,BuiltIn,2005.0,Fin,3.0,1003.0,TA,TA,Y,192,63,0,0,0,0,,,,0,8,2008,WD,Normal,343470.51
512,1973,60,RL,74.0,8899,Pave,,Reg,Lvl,AllPub,Inside,Gtl,NridgHt,Norm,Norm,1Fam,2Story,8,5,2007,2007,Hip,CompShg,VinylSd,VinylSd,Stone,108.0,Ex,TA,PConc,Gd,TA,Av,GLQ,40.0,Unf,0.0,908.0,948.0,GasA,Ex,Y,SBrkr,948,1140,0,2088,0.0,0.0,2,1,4,1,Gd,10,Typ,1,Gd,BuiltIn,2007.0,Fin,3.0,656.0,TA,TA,Y,100,24,0,0,0,0,,,,0,6,2008,WD,Normal,281816.735
513,1974,60,RL,85.0,10574,Pave,,IR1,Lvl,AllPub,Inside,Gtl,NridgHt,Norm,Norm,1Fam,2Story,8,5,2004,2004,Gable,CompShg,VinylSd,VinylSd,Stone,126.0,Gd,TA,PConc,Ex,TA,No,GLQ,856.0,Unf,0.0,292.0,1148.0,GasA,Ex,Y,SBrkr,1170,1162,0,2332,1.0,0.0,2,1,4,1,Ex,9,Typ,1,Gd,BuiltIn,2004.0,Fin,3.0,756.0,TA,TA,Y,224,142,0,0,0,0,,,,0,7,2008,WD,Normal,321782.99
514,1975,20,RL,106.0,12720,Pave,,Reg,HLS,AllPub,Inside,Mod,NridgHt,Norm,Norm,1Fam,1Story,10,5,2003,2003,Hip,CompShg,MetalSd,MetalSd,Stone,680.0,Ex,TA,PConc,Ex,TA,Gd,GLQ,2257.0,Unf,0.0,278.0,2535.0,GasA,Ex,Y,SBrkr,2470,0,0,2470,2.0,0.0,1,1,1,1,Ex,7,Typ,2,Gd,Attchd,2003.0,Fin,3.0,789.0,TA,TA,Y,154,65,0,0,216,144,Ex,,,0,2,2008,WD,Normal,413611.82
515,1976,20,RL,92.0,10845,Pave,,IR1,Lvl,AllPub,Corner,Gtl,NridgHt,Norm,Norm,1Fam,1Story,8,5,2003,2004,Gable,CompShg,VinylSd,VinylSd,BrkFace,504.0,Gd,TA,PConc,Gd,TA,Mn,GLQ,1149.0,Unf,0.0,454.0,1603.0,GasA,Ex,Y,SBrkr,1575,0,0,1575,1.0,0.0,2,0,2,1,Gd,7,Typ,1,TA,Attchd,2003.0,Fin,3.0,732.0,TA,TA,Y,216,28,0,0,0,0,,,,0,6,2008,WD,Normal,269991.005
516,1977,60,RL,130.0,16900,Pave,,Reg,Lvl,AllPub,Inside,Gtl,NridgHt,Norm,Norm,1Fam,2Story,8,5,2001,2002,Gable,CompShg,VinylSd,VinylSd,BrkFace,1110.0,Gd,TA,PConc,Ex,TA,Mn,GLQ,1075.0,Unf,0.0,404.0,1479.0,GasA,Ex,Y,SBrkr,1515,1134,0,2649,1.0,0.0,2,1,4,1,Gd,10,Typ,1,TA,Attchd,2001.0,Fin,3.0,746.0,TA,TA,Y,0,60,0,0,0,0,,,,0,1,2008,WD,Normal,331449.01
517,1978,60,RL,112.0,16451,Pave,,IR1,Lvl,AllPub,Corner,Gtl,NridgHt,Norm,Norm,1Fam,2Story,8,5,2003,2003,Gable,CompShg,VinylSd,VinylSd,BrkFace,221.0,Gd,TA,PConc,Ex,TA,Gd,Unf,0.0,Unf,0.0,1765.0,1765.0,GasA,Ex,Y,SBrkr,1804,886,0,2690,0.0,0.0,2,1,4,1,Gd,9,Typ,1,Gd,BuiltIn,2003.0,Fin,3.0,795.0,TA,TA,Y,268,58,0,0,0,0,,,,0,7,2008,WD,Normal,341959.51
518,1979,120,RL,58.0,10110,Pave,,IR1,Lvl,AllPub,Inside,Gtl,NridgHt,Norm,Norm,TwnhsE,1Story,9,5,2008,2008,Hip,CompShg,MetalSd,MetalSd,BrkFace,492.0,Ex,TA,PConc,Gd,TA,No,GLQ,372.0,Unf,0.0,1486.0,1858.0,GasA,Ex,Y,SBrkr,1866,0,0,1866,1.0,0.0,2,0,2,1,Ex,7,Typ,1,Gd,Attchd,2008.0,Fin,3.0,870.0,TA,TA,Y,0,48,0,0,0,0,,,,0,11,2008,New,Partial,322873.05
519,1980,120,RL,135.0,12304,Pave,,IR3,Lvl,AllPub,Corner,Gtl,NridgHt,Norm,Norm,TwnhsE,1Story,7,5,2005,2005,Gable,CompShg,VinylSd,VinylSd,Stone,144.0,Gd,TA,PConc,Gd,TA,No,GLQ,20.0,Unf,0.0,1347.0,1367.0,GasA,Ex,Y,SBrkr,1367,0,0,1367,0.0,0.0,2,0,2,1,Gd,6,Typ,1,Gd,Attchd,2005.0,RFn,2.0,484.0,TA,TA,Y,0,33,0,0,0,0,,,,0,6,2008,WD,Normal,203270.25
520,1981,120,RL,89.0,8232,Pave,,IR1,Lvl,AllPub,Inside,Gtl,NridgHt,Norm,Norm,TwnhsE,1Story,9,5,2007,2008,Hip,CompShg,MetalSd,MetalSd,BrkFace,714.0,Ex,TA,PConc,Ex,TA,No,GLQ,1204.0,Unf,0.0,596.0,1800.0,GasA,Ex,Y,SBrkr,1800,0,0,1800,1.0,0.0,2,0,2,1,Ex,6,Typ,1,Gd,Attchd,2008.0,RFn,3.0,944.0,TA,TA,Y,210,0,0,0,0,0,,,,0,6,2008,New,Partial,335632.31
521,1982,120,RL,48.0,6240,Pave,,Reg,Lvl,AllPub,Inside,Gtl,NridgHt,Norm,Norm,TwnhsE,1Story,8,5,2006,2007,Hip,CompShg,MetalSd,MetalSd,BrkFace,176.0,Gd,TA,PConc,Gd,TA,No,GLQ,846.0,Unf,0.0,496.0,1342.0,GasA,Ex,Y,SBrkr,1342,0,0,1342,1.0,0.0,2,0,2,1,Gd,6,Typ,1,Gd,Attchd,2007.0,Fin,2.0,550.0,TA,TA,Y,0,35,0,0,0,0,,,,0,6,2008,WD,Normal,218941.855
522,1983,120,RL,48.0,6240,Pave,,Reg,Lvl,AllPub,Inside,Gtl,NridgHt,Norm,Norm,TwnhsE,1Story,8,5,2006,2007,Hip,CompShg,MetalSd,MetalSd,BrkFace,196.0,Gd,TA,PConc,Gd,TA,No,GLQ,24.0,Unf,0.0,1318.0,1342.0,GasA,Ex,Y,SBrkr,1342,0,0,1342,0.0,0.0,2,0,2,1,Gd,6,Typ,1,Gd,Attchd,2007.0,RFn,2.0,550.0,TA,TA,Y,0,35,0,0,0,0,,,,0,2,2008,WD,Normal,214419.66
523,1984,160,RL,36.0,2448,Pave,,Reg,Lvl,AllPub,Inside,Gtl,NridgHt,Norm,Norm,Twnhs,2Story,7,5,2003,2004,Gable,CompShg,VinylSd,Wd Shng,Stone,106.0,Gd,TA,PConc,Gd,TA,No,Unf,0.0,Unf,0.0,764.0,764.0,GasA,Ex,Y,SBrkr,764,862,0,1626,0.0,0.0,2,1,2,1,Gd,6,Typ,0,,BuiltIn,2003.0,RFn,2.0,474.0,TA,TA,Y,0,27,0,0,0,0,,,,0,10,2008,WD,Normal,170107.45
524,1985,120,RL,,3940,Pave,,Reg,Lvl,AllPub,Inside,Gtl,Blmngtn,Norm,Norm,TwnhsE,1Story,7,5,2003,2003,Gable,CompShg,VinylSd,VinylSd,BrkFace,143.0,Gd,TA,PConc,Gd,TA,Gd,GLQ,1073.0,Unf,0.0,342.0,1415.0,GasA,Ex,Y,SBrkr,1455,0,0,1455,1.0,0.0,2,0,2,1,Gd,6,Typ,1,TA,Attchd,2003.0,Fin,3.0,644.0,TA,TA,Y,156,20,0,0,144,0,,,,0,8,2008,WD,Normal,223335.65
525,1986,120,RM,,3940,Pave,,Reg,Lvl,AllPub,Inside,Gtl,Blmngtn,Norm,Norm,TwnhsE,1Story,7,5,2004,2004,Hip,CompShg,VinylSd,VinylSd,BrkFace,24.0,Gd,TA,PConc,Gd,TA,No,GLQ,1087.0,Unf,0.0,306.0,1393.0,GasA,Ex,Y,SBrkr,1576,0,0,1576,1.0,0.0,2,0,2,1,Gd,7,Typ,1,TA,Attchd,2004.0,RFn,3.0,668.0,TA,TA,Y,143,20,0,0,0,0,,,,0,5,2008,WD,Normal,214766.285
526,1987,20,RL,53.0,3710,Pave,,Reg,Lvl,AllPub,Inside,Gtl,Blmngtn,Norm,Norm,1Fam,1Story,7,5,2007,2008,Gable,CompShg,WdShing,Wd Shng,BrkFace,20.0,Gd,TA,PConc,Gd,TA,Gd,Unf,0.0,Unf,0.0,1146.0,1146.0,GasA,Ex,Y,SBrkr,1246,0,0,1246,0.0,0.0,2,0,2,1,Gd,5,Typ,1,Gd,Attchd,2007.0,Fin,2.0,428.0,TA,TA,Y,100,24,0,0,0,0,,,,0,3,2008,New,Partial,182655.43
527,1988,60,RL,80.0,9024,Pave,,IR1,Lvl,AllPub,Inside,Gtl,Gilbert,Norm,Norm,1Fam,2Story,6,5,2004,2004,Gable,CompShg,VinylSd,VinylSd,,0.0,Gd,TA,PConc,Gd,TA,No,Unf,0.0,Unf,0.0,789.0,789.0,GasA,Ex,Y,SBrkr,813,702,0,1515,0.0,0.0,2,1,3,1,Gd,8,Typ,1,Gd,Attchd,2004.0,Fin,2.0,393.0,TA,TA,Y,0,75,0,0,0,0,,,,0,7,2008,WD,Normal,181377.75
528,1989,60,RL,,8010,Pave,,IR1,Lvl,AllPub,Inside,Gtl,Gilbert,Norm,Norm,1Fam,2Story,7,5,2002,2003,Gable,CompShg,VinylSd,VinylSd,,0.0,Gd,TA,PConc,Gd,TA,No,Unf,0.0,Unf,0.0,840.0,840.0,GasA,Ex,Y,SBrkr,840,880,0,1720,0.0,0.0,2,1,3,1,Gd,7,Typ,1,Gd,BuiltIn,2002.0,Fin,2.0,400.0,TA,TA,Y,138,48,0,0,0,0,,,,0,7,2008,WD,Normal,194641.425
529,1990,60,RL,,8396,Pave,,IR1,Lvl,AllPub,Inside,Gtl,Gilbert,Norm,Norm,1Fam,2Story,7,5,2003,2003,Gable,CompShg,VinylSd,VinylSd,BrkFace,196.0,Gd,TA,PConc,Gd,TA,No,Unf,0.0,Unf,0.0,847.0,847.0,GasA,Ex,Y,SBrkr,847,1139,0,1986,0.0,0.0,2,1,4,1,Gd,9,Typ,1,Gd,BuiltIn,2003.0,Fin,2.0,434.0,TA,TA,Y,120,48,0,0,0,0,,,,0,5,2008,WD,Normal,222500.74
530,1991,120,RL,55.0,7301,Pave,,IR1,Lvl,AllPub,Inside,Gtl,NridgHt,Norm,Norm,TwnhsE,1Story,7,6,2007,2008,Gable,CompShg,VinylSd,VinylSd,Stone,176.0,Gd,TA,PConc,Gd,TA,No,GLQ,876.0,Unf,0.0,474.0,1350.0,GasA,Ex,Y,SBrkr,1358,0,0,1358,1.0,0.0,2,0,2,1,Gd,6,Typ,1,Gd,Attchd,2008.0,RFn,2.0,484.0,TA,TA,Y,192,26,0,0,0,0,,,,0,11,2008,New,Partial,217930.065
531,1992,60,RL,71.0,8220,Pave,,IR1,Lvl,AllPub,Inside,Gtl,Gilbert,Norm,Norm,1Fam,2Story,7,5,2000,2001,Gable,CompShg,VinylSd,VinylSd,BrkFace,647.0,Gd,TA,PConc,Gd,TA,Av,GLQ,544.0,Unf,0.0,438.0,982.0,GasA,Ex,Y,SBrkr,1008,884,0,1892,0.0,0.0,2,1,3,1,TA,8,Typ,1,TA,Attchd,2000.0,RFn,2.0,431.0,TA,TA,Y,108,0,0,0,0,0,,,,0,7,2008,WD,Normal,213662.005
532,1993,60,RL,,7750,Pave,,Reg,Lvl,AllPub,Inside,Gtl,Gilbert,RRAn,Norm,1Fam,2Story,7,5,2002,2002,Gable,CompShg,VinylSd,VinylSd,,,Gd,TA,PConc,Gd,TA,No,Unf,0.0,Unf,0.0,707.0,707.0,GasA,Ex,Y,SBrkr,707,707,0,1414,0.0,0.0,2,1,3,1,Gd,6,Typ,1,Gd,Attchd,2002.0,Fin,2.0,403.0,TA,TA,Y,100,35,0,0,0,0,,,,0,4,2008,WD,Normal,175618.44
533,1994,60,RL,41.0,12460,Pave,,IR1,Lvl,AllPub,FR2,Gtl,Gilbert,RRAn,Norm,1Fam,2Story,7,5,1999,2000,Gable,CompShg,VinylSd,VinylSd,,0.0,Gd,TA,PConc,Gd,TA,No,GLQ,870.0,Unf,0.0,167.0,1037.0,GasA,Ex,Y,SBrkr,1037,1285,0,2322,0.0,0.0,2,1,4,1,TA,8,Typ,1,TA,BuiltIn,1999.0,Fin,2.0,400.0,TA,TA,Y,144,44,0,0,0,0,,,,0,5,2008,WD,Normal,227847.095
534,1995,60,RL,77.0,8390,Pave,,IR1,Lvl,AllPub,Inside,Gtl,Gilbert,Norm,Norm,1Fam,2Story,7,5,1999,1999,Gable,CompShg,VinylSd,VinylSd,,0.0,TA,TA,PConc,Gd,TA,No,Unf,0.0,Unf,0.0,831.0,831.0,GasA,Ex,Y,SBrkr,873,778,0,1651,0.0,0.0,2,1,3,1,TA,7,Typ,1,TA,BuiltIn,1999.0,Fin,2.0,450.0,TA,TA,Y,0,103,0,0,0,0,,,,0,5,2008,WD,Normal,182655.405
535,1996,75,RL,84.0,9660,Pave,,Reg,Lvl,AllPub,Inside,Gtl,NoRidge,Norm,Norm,1Fam,2.5Unf,8,5,1997,1997,Hip,CompShg,HdBoard,HdBoard,BrkFace,1290.0,Gd,TA,PConc,Gd,TA,No,Unf,0.0,Unf,0.0,1173.0,1173.0,GasA,Ex,Y,SBrkr,1182,1017,0,2199,0.0,0.0,2,1,3,1,Gd,9,Typ,1,TA,Attchd,1997.0,Fin,2.0,516.0,TA,TA,Y,0,131,0,0,0,0,,,,0,9,2008,WD,Normal,248348.575
536,1997,60,RL,,11000,Pave,,Reg,Lvl,AllPub,FR2,Gtl,NoRidge,Norm,Norm,1Fam,2Story,9,5,2000,2000,Hip,CompShg,VinylSd,VinylSd,BrkFace,295.0,Gd,TA,PConc,Ex,TA,Mn,Unf,0.0,Unf,0.0,1519.0,1519.0,GasA,Ex,Y,SBrkr,1533,639,0,2172,0.0,0.0,2,1,4,1,Ex,8,Typ,1,TA,BuiltIn,2000.0,RFn,3.0,687.0,TA,TA,Y,162,153,0,0,0,0,,,,0,6,2008,WD,Normal,307463.75
537,1998,20,RL,136.0,11675,Pave,,IR1,Lvl,AllPub,Inside,Gtl,NoRidge,Norm,Norm,1Fam,1Story,8,5,1998,1998,Gable,CompShg,VinylSd,VinylSd,BrkFace,495.0,Gd,TA,PConc,Gd,TA,Av,GLQ,1660.0,Unf,0.0,322.0,1982.0,GasA,Ex,Y,SBrkr,2006,0,0,2006,1.0,0.0,2,0,2,1,Gd,5,Typ,1,TA,Attchd,1998.0,Fin,3.0,938.0,TA,TA,Y,144,33,0,0,0,0,,,,0,7,2008,WD,Normal,320802.36
538,1999,60,RL,97.0,10990,Pave,,IR1,Lvl,AllPub,CulDSac,Gtl,NoRidge,Norm,Norm,1Fam,2Story,7,5,1996,1997,Gable,CompShg,VinylSd,VinylSd,,0.0,Gd,TA,PConc,Ex,TA,No,GLQ,851.0,Unf,0.0,213.0,1064.0,GasA,Ex,Y,SBrkr,1064,1061,0,2125,1.0,0.0,2,1,4,1,Gd,12,Typ,2,TA,Attchd,1996.0,RFn,2.0,576.0,TA,TA,Y,168,0,0,0,0,0,,,,0,6,2008,WD,Normal,260932.25
539,2000,60,RL,,11929,Pave,,IR1,Lvl,AllPub,CulDSac,Gtl,NoRidge,Norm,Norm,1Fam,2Story,8,7,1995,1995,Gable,CompShg,VinylSd,VinylSd,BrkFace,466.0,Gd,TA,PConc,Gd,TA,Av,Unf,0.0,Unf,0.0,1242.0,1242.0,GasA,Ex,Y,SBrkr,1251,1250,0,2501,0.0,0.0,2,1,4,1,Gd,9,Typ,1,TA,Attchd,1995.0,RFn,3.0,751.0,TA,TA,Y,192,87,0,0,0,0,,,,0,6,2008,WD,Normal,291704.58
540,2001,60,RL,91.0,10010,Pave,,Reg,Lvl,AllPub,Inside,Gtl,NoRidge,Norm,Norm,1Fam,2Story,7,5,1993,1994,Hip,WdShake,VinylSd,VinylSd,BrkFace,320.0,Gd,TA,PConc,Gd,TA,Av,BLQ,228.0,GLQ,852.0,0.0,1080.0,GasA,Ex,Y,SBrkr,1108,1089,0,2197,1.0,0.0,2,1,4,1,Gd,9,Typ,1,Gd,Attchd,1993.0,Fin,3.0,783.0,TA,TA,Y,385,99,0,0,0,0,,,,0,7,2008,WD,Normal,285375.71
541,2002,20,RL,74.0,13253,Pave,,IR1,Lvl,AllPub,Inside,Gtl,Somerst,RRAn,Norm,1Fam,1Story,7,5,2006,2006,Gable,CompShg,VinylSd,VinylSd,BrkFace,128.0,Gd,TA,PConc,Ex,TA,No,GLQ,1096.0,Unf,0.0,482.0,1578.0,GasA,Gd,Y,SBrkr,1578,0,0,1578,1.0,0.0,2,0,3,1,Gd,7,Typ,1,Gd,Attchd,2006.0,Unf,3.0,642.0,TA,TA,Y,0,26,0,0,0,0,,,,0,5,2008,WD,Normal,241785.89
542,2003,60,RL,73.0,9801,Pave,,Reg,Lvl,AllPub,Inside,Gtl,Somerst,Norm,Norm,1Fam,2Story,8,5,2007,2007,Gable,CompShg,VinylSd,VinylSd,Stone,156.0,Gd,TA,PConc,Gd,TA,Av,Unf,0.0,Unf,0.0,1341.0,1341.0,GasA,Ex,Y,SBrkr,1341,520,0,1861,0.0,0.0,3,0,3,1,Gd,7,Typ,1,Gd,BuiltIn,2007.0,RFn,3.0,851.0,TA,TA,Y,144,60,0,0,0,0,,,,0,7,2008,WD,Normal,257534.29
543,2004,60,RL,80.0,9428,Pave,,Reg,Lvl,AllPub,Inside,Gtl,Somerst,Norm,Norm,1Fam,2Story,8,5,2007,2008,Hip,CompShg,VinylSd,VinylSd,Stone,310.0,Gd,TA,PConc,Gd,TA,Av,GLQ,729.0,Unf,0.0,226.0,955.0,GasA,Ex,Y,SBrkr,955,919,0,1874,1.0,0.0,2,1,3,1,Gd,8,Typ,1,Gd,Attchd,2007.0,Fin,3.0,880.0,TA,TA,Y,168,108,0,0,0,0,,,,0,2,2008,New,Partial,273699.85
544,2005,20,RL,87.0,10037,Pave,,Reg,Lvl,AllPub,Corner,Gtl,Somerst,Feedr,Norm,1Fam,1Story,8,5,2006,2007,Hip,CompShg,VinylSd,VinylSd,,,Gd,TA,PConc,Ex,TA,No,GLQ,666.0,Unf,0.0,794.0,1460.0,GasA,Ex,Y,SBrkr,1460,0,0,1460,0.0,0.0,2,0,3,1,Gd,6,Typ,1,Gd,Attchd,2006.0,Fin,2.0,480.0,TA,TA,Y,0,20,0,0,0,0,,,,0,8,2008,WD,Normal,231721.545
545,2006,20,FV,72.0,8640,Pave,,Reg,Lvl,AllPub,Inside,Gtl,Somerst,Norm,Norm,1Fam,1Story,8,5,2007,2008,Gable,CompShg,VinylSd,VinylSd,,0.0,Gd,TA,PConc,Gd,TA,No,GLQ,24.0,Unf,0.0,1339.0,1363.0,GasA,Ex,Y,SBrkr,1372,0,0,1372,0.0,0.0,2,0,3,1,Gd,6,Typ,0,,Attchd,2008.0,RFn,2.0,588.0,TA,TA,Y,192,113,0,0,0,0,,,,0,7,2008,New,Partial,224633.45
546,2007,20,FV,85.0,10625,Pave,,Reg,Lvl,AllPub,Inside,Gtl,Somerst,Norm,Norm,1Fam,1Story,8,5,2007,2007,Gable,CompShg,VinylSd,VinylSd,BrkFace,292.0,Gd,TA,PConc,Gd,TA,Av,Unf,0.0,Unf,0.0,1660.0,1660.0,GasA,Ex,Y,SBrkr,1660,0,0,1660,0.0,0.0,2,0,3,1,Gd,7,Typ,1,Gd,Attchd,2007.0,Fin,3.0,660.0,TA,TA,Y,133,120,0,0,0,0,,,,0,6,2008,WD,Normal,248028.38
547,2008,20,FV,62.0,7500,Pave,Pave,Reg,Lvl,AllPub,Inside,Gtl,Somerst,Norm,Norm,1Fam,1Story,7,5,2007,2008,Gable,CompShg,CemntBd,CmentBd,Stone,210.0,Gd,TA,PConc,Gd,TA,No,GLQ,902.0,Unf,0.0,316.0,1218.0,GasA,Ex,Y,SBrkr,1218,0,0,1218,1.0,0.0,2,0,2,1,Gd,6,Typ,0,,Attchd,2008.0,Fin,2.0,462.0,TA,TA,Y,168,168,0,0,0,0,,,,0,4,2008,New,Partial,207950.54
548,2009,60,RL,68.0,10110,Pave,,Reg,Lvl,AllPub,Inside,Gtl,SawyerW,Norm,Norm,1Fam,2Story,6,5,2003,2003,Gable,CompShg,VinylSd,VinylSd,,0.0,Gd,TA,PConc,Gd,TA,Mn,GLQ,80.0,ALQ,555.0,200.0,835.0,GasA,Ex,Y,SBrkr,835,861,0,1696,1.0,0.0,2,1,3,1,Gd,7,Typ,0,,Attchd,2003.0,RFn,2.0,542.0,TA,TA,Y,143,66,0,0,0,0,,,,0,7,2008,WD,Normal,199886.735
549,2010,60,RL,67.0,12774,Pave,,Reg,Lvl,AllPub,FR2,Gtl,SawyerW,Norm,Norm,1Fam,2Story,7,5,2003,2004,Gable,CompShg,VinylSd,VinylSd,BrkFace,95.0,Gd,TA,PConc,Gd,TA,Av,Unf,0.0,Unf,0.0,835.0,835.0,GasA,Ex,Y,SBrkr,835,828,0,1663,0.0,0.0,2,1,3,1,Gd,8,Typ,0,,Attchd,2003.0,RFn,2.0,478.0,TA,TA,Y,168,68,0,0,0,0,,,,0,7,2008,WD,Normal,196990.015
550,2011,20,RL,63.0,13072,Pave,,Reg,Lvl,AllPub,Inside,Gtl,SawyerW,RRAe,Norm,1Fam,1Story,6,5,2005,2006,Gable,CompShg,VinylSd,VinylSd,BrkFace,126.0,TA,TA,PConc,Gd,Gd,No,GLQ,80.0,Unf,0.0,1095.0,1175.0,GasA,Ex,Y,SBrkr,1175,0,0,1175,1.0,0.0,1,0,3,1,Gd,6,Typ,0,,,,,0.0,0.0,,,Y,0,90,0,0,0,0,,,,0,6,2008,WD,Normal,143498.95
551,2012,20,RL,81.0,9260,Pave,,Reg,Lvl,AllPub,Corner,Gtl,SawyerW,Norm,Norm,1Fam,1Story,7,5,2007,2007,Gable,CompShg,VinylSd,VinylSd,,0.0,Gd,TA,PConc,Gd,TA,Mn,Unf,0.0,Unf,0.0,1162.0,1162.0,GasA,Ex,Y,SBrkr,1162,0,0,1162,0.0,0.0,2,0,3,1,Gd,6,Typ,0,,Attchd,2007.0,Fin,2.0,483.0,TA,TA,Y,0,32,0,0,0,0,,,,0,3,2008,WD,Normal,185561.41
552,2013,60,RL,65.0,8453,Pave,,IR1,Lvl,AllPub,Inside,Gtl,SawyerW,Norm,Norm,1Fam,2Story,6,5,1995,1995,Gable,CompShg,VinylSd,VinylSd,BrkFace,38.0,Gd,TA,PConc,Gd,TA,No,GLQ,362.0,Unf,0.0,392.0,754.0,GasA,Ex,Y,SBrkr,754,855,0,1609,0.0,0.0,2,1,3,1,Gd,6,Typ,0,,Attchd,1995.0,RFn,2.0,525.0,TA,TA,Y,0,70,0,0,0,0,,,,0,4,2008,WD,Normal,188879.26
553,2014,60,RL,50.0,8480,Pave,,IR1,Lvl,AllPub,Inside,Gtl,SawyerW,Norm,Norm,1Fam,2Story,6,5,1993,1994,Gable,CompShg,HdBoard,HdBoard,BrkFace,120.0,Gd,TA,PConc,Gd,TA,No,GLQ,602.0,Unf,0.0,284.0,886.0,GasA,Ex,Y,SBrkr,886,794,0,1680,0.0,1.0,2,1,3,1,Gd,7,Typ,0,,Attchd,1993.0,RFn,2.0,474.0,TA,TA,Y,144,96,0,0,0,0,,,,0,10,2008,WD,Normal,195073.325
554,2015,60,RL,43.0,14565,Pave,,IR2,Lvl,AllPub,CulDSac,Gtl,SawyerW,Norm,Norm,1Fam,2Story,7,5,1994,1995,Gable,CompShg,VinylSd,VinylSd,BrkFace,145.0,Gd,TA,PConc,Gd,TA,Av,GLQ,537.0,Unf,0.0,295.0,832.0,GasA,Ex,Y,SBrkr,832,825,0,1657,0.0,0.0,2,1,3,1,Gd,6,Typ,0,,Attchd,1994.0,RFn,2.0,483.0,TA,TA,Y,144,74,0,0,0,0,,,Shed,2000,11,2008,WD,Normal,205832.83
555,2016,60,RL,65.0,8450,Pave,,Reg,Lvl,AllPub,Inside,Gtl,SawyerW,Norm,Norm,1Fam,2Story,6,5,2001,2001,Gable,CompShg,VinylSd,VinylSd,,0.0,Gd,TA,PConc,Gd,TA,No,GLQ,472.0,Unf,0.0,355.0,827.0,GasA,Ex,Y,SBrkr,827,850,0,1677,1.0,0.0,2,1,3,1,Gd,7,Typ,0,,Attchd,2001.0,RFn,2.0,627.0,TA,TA,Y,0,68,0,0,0,0,,,,0,9,2008,WD,Normal,202144.345
556,2017,60,RL,75.0,8285,Pave,,Reg,Lvl,AllPub,Corner,Gtl,SawyerW,Norm,Norm,1Fam,2Story,7,5,1992,1992,Gable,CompShg,HdBoard,HdBoard,,0.0,Gd,TA,PConc,Gd,TA,No,GLQ,397.0,Unf,0.0,439.0,836.0,GasA,Gd,Y,SBrkr,844,893,0,1737,0.0,1.0,2,1,3,1,Gd,7,Typ,0,,Attchd,1992.0,Fin,2.0,506.0,TA,TA,Y,192,85,0,0,0,0,,,,0,5,2008,WD,Normal,200158.545
557,2018,20,RL,70.0,9100,Pave,,Reg,Lvl,AllPub,Inside,Gtl,Sawyer,RRAe,Norm,1Fam,1Story,5,5,1963,1963,Hip,CompShg,Wd Sdng,Wd Sdng,,0.0,TA,TA,PConc,TA,Gd,No,BLQ,53.0,ALQ,799.0,132.0,984.0,GasA,TA,Y,SBrkr,984,0,0,984,1.0,0.0,1,0,3,1,TA,5,Typ,1,TA,Attchd,1963.0,RFn,1.0,384.0,TA,TA,Y,145,56,0,0,0,0,,MnPrv,Shed,400,8,2008,WD,Normal,139423.315
558,2019,20,RL,75.0,8100,Pave,,Reg,Lvl,AllPub,Inside,Gtl,Sawyer,Feedr,Norm,1Fam,1Story,5,8,1961,2007,Gable,CompShg,Wd Sdng,Wd Sdng,,0.0,TA,Gd,CBlock,TA,TA,No,ALQ,764.0,Unf,0.0,100.0,864.0,GasA,Ex,Y,SBrkr,864,0,0,864,1.0,0.0,1,0,3,1,Gd,5,Typ,1,TA,Detchd,1962.0,Unf,1.0,420.0,TA,TA,Y,132,0,0,0,0,0,,,,0,7,2008,WD,Normal,136893.195
559,2020,190,RL,65.0,8450,Pave,,Reg,Lvl,AllPub,Inside,Gtl,Sawyer,RRAe,Norm,2fmCon,1Story,5,5,1968,1968,Gable,CompShg,HdBoard,HdBoard,,0.0,TA,TA,CBlock,TA,Fa,Mn,ALQ,890.0,Unf,0.0,0.0,890.0,GasA,Gd,N,SBrkr,890,0,0,890,1.0,0.0,1,0,3,1,TA,5,Typ,0,,Detchd,1970.0,Unf,1.0,308.0,TA,TA,Y,0,0,0,0,0,0,,,,0,4,2008,WD,Normal,118401.485
560,2021,20,RL,60.0,6360,Pave,,Reg,Lvl,AllPub,Inside,Gtl,Sawyer,Norm,Norm,1Fam,1Story,5,5,1963,1963,Hip,CompShg,Wd Sdng,HdBoard,,0.0,TA,TA,CBlock,Gd,Gd,No,ALQ,489.0,Unf,0.0,375.0,864.0,GasA,TA,Y,SBrkr,864,0,0,864,0.0,0.0,1,0,3,1,TA,5,Typ,0,,Attchd,1963.0,Unf,1.0,276.0,TA,TA,Y,0,0,0,0,0,0,,,Shed,650,1,2008,COD,Abnorml,115225.955
561,2022,20,RL,95.0,19508,Pave,,Reg,Lvl,AllPub,Inside,Gtl,Veenker,Norm,Norm,1Fam,1Story,6,5,1974,1974,Gable,CompShg,HdBoard,ImStucc,BrkFace,144.0,TA,TA,CBlock,TA,TA,Av,ALQ,800.0,Unf,0.0,630.0,1430.0,GasA,TA,Y,SBrkr,1430,0,0,1430,0.0,1.0,2,0,3,1,TA,6,Typ,2,TA,Attchd,1974.0,Unf,2.0,484.0,TA,TA,Y,117,108,165,0,0,0,,,,0,7,2008,WD,Normal,172601.48
562,2023,50,RL,70.0,10759,Pave,,Reg,Lvl,AllPub,Corner,Gtl,Sawyer,Feedr,Norm,1Fam,1.5Fin,5,4,1972,1972,Gable,CompShg,HdBoard,HdBoard,,0.0,TA,Gd,CBlock,Gd,TA,No,LwQ,190.0,ALQ,811.0,0.0,1001.0,GasA,TA,Y,SBrkr,1001,640,0,1641,0.0,0.0,2,0,4,1,TA,5,Typ,1,Gd,Detchd,1972.0,Unf,2.0,490.0,TA,TA,Y,0,0,92,0,0,0,,GdPrv,,0,7,2008,WD,Normal,153243.91
563,2024,60,RL,,9205,Pave,,IR1,Lvl,AllPub,Inside,Gtl,NoRidge,Norm,Norm,1Fam,2Story,6,5,1990,1991,Hip,CompShg,HdBoard,HdBoard,BrkFace,304.0,Gd,TA,PConc,Gd,TA,No,ALQ,704.0,Unf,0.0,226.0,930.0,GasA,Ex,Y,SBrkr,1364,1319,0,2683,1.0,0.0,2,1,4,1,Gd,9,Typ,2,Gd,Attchd,1990.0,RFn,2.0,473.0,TA,TA,Y,237,251,0,0,196,0,,,,0,6,2008,WD,Normal,256272.435
564,2025,60,RL,105.0,11025,Pave,,Reg,Lvl,AllPub,Inside,Gtl,NoRidge,Norm,Norm,1Fam,1.5Fin,9,5,1993,1994,Hip,CompShg,Wd Sdng,Wd Sdng,BrkFace,568.0,Gd,TA,PConc,Gd,TA,Gd,BLQ,520.0,Unf,0.0,1328.0,1848.0,GasA,Ex,Y,SBrkr,1827,959,0,2786,1.0,0.0,2,1,4,1,Gd,10,Typ,1,Ex,Attchd,1993.0,Fin,2.0,636.0,TA,TA,Y,294,49,0,0,0,0,,,,0,6,2008,WD,Normal,324878.27
565,2026,120,FV,37.0,3435,Pave,Pave,IR1,Lvl,AllPub,Corner,Gtl,Somerst,Norm,Norm,TwnhsE,1Story,7,5,2004,2005,Gable,CompShg,MetalSd,MetalSd,,0.0,Gd,TA,PConc,Gd,TA,No,GLQ,24.0,Unf,0.0,1211.0,1235.0,GasA,Ex,Y,SBrkr,1245,0,0,1245,0.0,0.0,2,0,1,1,Gd,5,Typ,0,,Attchd,2004.0,RFn,2.0,495.0,TA,TA,Y,0,100,0,0,0,0,,,,0,6,2008,WD,Normal,185851.075
566,2027,160,FV,30.0,3180,Pave,Pave,Reg,Lvl,AllPub,Inside,Gtl,Somerst,Norm,Norm,TwnhsE,2Story,6,5,2005,2005,Gable,CompShg,MetalSd,MetalSd,,0.0,Gd,TA,PConc,Gd,TA,No,GLQ,390.0,Unf,0.0,210.0,600.0,GasA,Ex,Y,SBrkr,600,600,0,1200,1.0,0.0,2,1,2,1,Gd,5,Typ,0,,Detchd,2005.0,RFn,2.0,480.0,TA,TA,Y,0,166,0,0,0,0,,,,0,5,2008,WD,Normal,156828.72
567,2028,160,FV,30.0,3180,Pave,Pave,Reg,Lvl,AllPub,Inside,Gtl,Somerst,Norm,Norm,TwnhsE,2Story,7,5,2007,2007,Gable,CompShg,VinylSd,VinylSd,,0.0,Gd,TA,PConc,Gd,TA,No,Unf,0.0,Unf,0.0,689.0,689.0,GasA,Ex,Y,SBrkr,703,689,0,1392,0.0,0.0,2,0,2,1,Gd,5,Typ,0,,Detchd,2007.0,Unf,2.0,540.0,TA,TA,Y,0,102,0,0,0,0,,,,0,3,2008,WD,Abnorml,153618.565
568,2029,160,FV,24.0,2280,Pave,Pave,Reg,Lvl,AllPub,Inside,Gtl,Somerst,Norm,Norm,Twnhs,2Story,6,5,1999,1999,Gable,CompShg,MetalSd,MetalSd,Stone,216.0,TA,TA,PConc,Gd,TA,No,GLQ,550.0,Unf,0.0,194.0,744.0,GasA,Gd,Y,SBrkr,757,792,0,1549,1.0,0.0,2,1,3,1,TA,6,Typ,0,,Detchd,1999.0,Unf,2.0,440.0,TA,TA,Y,0,32,0,0,0,0,,,,0,4,2008,WD,Normal,166358.11
569,2030,120,FV,,4765,Pave,,IR1,Lvl,AllPub,Inside,Gtl,Somerst,Norm,Norm,TwnhsE,1Story,9,5,2000,2000,Hip,CompShg,MetalSd,MetalSd,BrkFace,260.0,Gd,TA,PConc,Gd,TA,Av,GLQ,1027.0,Unf,0.0,587.0,1614.0,GasA,Ex,Y,SBrkr,1638,0,0,1638,1.0,0.0,2,0,2,1,Ex,5,Typ,1,TA,Attchd,2000.0,Fin,2.0,495.0,TA,TA,Y,230,68,0,0,0,0,,,,0,7,2008,WD,Normal,267088.98
570,2031,120,FV,,4538,Pave,,IR1,Lvl,AllPub,Inside,Gtl,Somerst,Norm,Norm,TwnhsE,1Story,9,5,2001,2001,Gable,CompShg,VinylSd,VinylSd,BrkFace,179.0,Gd,TA,PConc,Ex,TA,Av,GLQ,1004.0,Unf,0.0,306.0,1310.0,GasA,Ex,Y,SBrkr,1310,0,0,1310,1.0,0.0,1,1,1,1,Gd,5,Typ,1,TA,Attchd,2001.0,RFn,2.0,545.0,TA,TA,Y,277,45,0,0,0,0,,,,0,7,2008,WD,Normal,229314.645
571,2032,120,FV,42.0,4385,Pave,,IR1,Lvl,AllPub,Inside,Gtl,Somerst,Norm,Norm,TwnhsE,1Story,9,5,2001,2001,Gable,CompShg,VinylSd,VinylSd,,0.0,Gd,TA,PConc,Ex,TA,Av,GLQ,964.0,Unf,0.0,455.0,1419.0,GasA,Ex,Y,SBrkr,1419,0,0,1419,1.0,0.0,1,1,2,1,Ex,5,Typ,1,TA,Attchd,2001.0,Fin,2.0,588.0,TA,TA,Y,155,58,0,0,0,0,,,,0,9,2008,WD,Normal,247747.57
572,2033,120,FV,35.0,4109,Pave,,IR1,Lvl,AllPub,Inside,Gtl,Somerst,Norm,Norm,TwnhsE,1Story,9,5,1999,2000,Gable,CompShg,VinylSd,VinylSd,BrkFace,260.0,Gd,TA,PConc,Gd,TA,Av,GLQ,1141.0,Unf,0.0,416.0,1557.0,GasA,Ex,Y,SBrkr,1557,0,0,1557,1.0,0.0,2,0,2,1,Ex,5,Typ,1,TA,Attchd,1999.0,RFn,2.0,484.0,TA,TA,Y,124,113,0,0,0,0,,,,0,6,2008,WD,Normal,254030.935
573,2034,160,FV,24.0,2160,Pave,Pave,Reg,Lvl,AllPub,Inside,Gtl,Somerst,Norm,Norm,Twnhs,SLvl,7,5,1999,2000,Gable,CompShg,VinylSd,VinylSd,BrkFace,216.0,Gd,TA,PConc,Gd,TA,No,GLQ,600.0,Unf,0.0,72.0,672.0,GasA,Ex,Y,SBrkr,684,720,0,1404,1.0,0.0,2,1,3,1,Gd,5,Typ,0,,Detchd,1999.0,Unf,2.0,462.0,TA,TA,Y,20,0,0,0,0,0,,,,0,6,2008,WD,Normal,166466.325
574,2035,60,FV,79.0,10646,Pave,,IR1,Lvl,AllPub,Corner,Gtl,Somerst,Norm,Norm,1Fam,2Story,7,5,2001,2001,Gable,CompShg,VinylSd,VinylSd,BrkFace,513.0,TA,TA,PConc,TA,TA,No,GLQ,681.0,Unf,0.0,177.0,858.0,GasA,Ex,Y,SBrkr,872,917,0,1789,1.0,0.0,2,1,3,1,TA,7,Typ,1,TA,Attchd,2001.0,Fin,2.0,546.0,TA,TA,Y,0,0,0,0,0,0,,,,0,6,2008,WD,Normal,204851.285
575,2036,160,FV,24.0,2645,Pave,Pave,Reg,Lvl,AllPub,Inside,Gtl,Somerst,Norm,Norm,Twnhs,2Story,8,5,1999,1999,Gable,CompShg,MetalSd,MetalSd,BrkFace,466.0,Gd,TA,PConc,Gd,TA,No,GLQ,612.0,Unf,0.0,348.0,960.0,GasA,Ex,Y,SBrkr,962,624,0,1586,1.0,0.0,2,1,3,1,Gd,7,Typ,0,,Detchd,1999.0,Unf,2.0,480.0,TA,TA,Y,169,0,0,0,0,0,,,,0,12,2008,WD,Normal,183322.95
576,2037,160,FV,24.0,2645,Pave,Pave,Reg,Lvl,AllPub,Inside,Gtl,Somerst,Norm,Norm,Twnhs,2Story,8,5,1999,2000,Gable,CompShg,MetalSd,MetalSd,BrkFace,456.0,Gd,TA,PConc,Gd,TA,No,GLQ,813.0,Unf,0.0,147.0,960.0,GasA,Ex,Y,SBrkr,962,645,0,1607,1.0,0.0,2,1,3,1,Gd,7,Typ,0,,Detchd,2000.0,Unf,2.0,480.0,TA,TA,Y,169,0,0,0,0,0,,,,0,12,2008,ConLD,Normal,188677.415
577,2038,160,FV,36.0,3951,Pave,Pave,IR1,Lvl,AllPub,Inside,Gtl,Somerst,Norm,Norm,TwnhsE,2Story,10,5,1998,1999,Gable,CompShg,BrkFace,MetalSd,,0.0,Ex,TA,PConc,Gd,TA,Mn,BLQ,128.0,GLQ,842.0,0.0,970.0,GasA,Ex,Y,SBrkr,1469,924,0,2393,1.0,0.0,2,1,2,1,Ex,7,Typ,1,TA,Attchd,1998.0,Fin,2.0,846.0,TA,TA,Y,0,90,0,0,94,0,,,,0,2,2008,WD,Normal,262990.635
578,2039,120,RL,22.0,11064,Pave,,IR2,Lvl,AllPub,CulDSac,Gtl,Veenker,Norm,Norm,TwnhsE,1Story,8,5,1995,1995,Hip,CompShg,BrkFace,BrkFace,,0.0,Gd,TA,PConc,Gd,TA,Gd,LwQ,560.0,GLQ,670.0,0.0,1230.0,GasA,Ex,Y,SBrkr,1239,0,0,1239,1.0,0.0,1,1,1,1,Gd,4,Typ,1,Fa,Attchd,1995.0,Fin,2.0,477.0,TA,TA,Y,172,24,0,0,0,0,,,,0,8,2008,WD,Normal,223416.18
579,2040,60,RL,,24572,Pave,,IR1,Lvl,AllPub,CulDSac,Gtl,Veenker,Norm,Norm,1Fam,2Story,9,3,1977,1977,Mansard,CompShg,Wd Sdng,Wd Sdng,BrkFace,1050.0,Gd,Gd,CBlock,Gd,TA,No,GLQ,410.0,Unf,0.0,584.0,994.0,GasA,TA,Y,SBrkr,1599,1345,0,2944,0.0,0.0,2,2,3,1,Gd,9,Typ,1,Gd,Attchd,1977.0,RFn,3.0,864.0,TA,TA,Y,140,70,16,0,0,0,,,,0,6,2008,WD,Family,287227.605
580,2041,20,RL,103.0,16280,Pave,,Reg,Lvl,AllPub,Inside,Gtl,Veenker,Norm,Norm,1Fam,1Story,8,9,1976,2007,Gable,CompShg,VinylSd,VinylSd,,0.0,Ex,Ex,CBlock,Gd,,Mn,GLQ,1044.0,Rec,382.0,0.0,1426.0,GasA,Ex,Y,SBrkr,1671,0,0,1671,1.0,0.0,3,0,3,1,Ex,6,Typ,1,Gd,Attchd,1976.0,RFn,2.0,550.0,TA,TA,Y,280,90,0,0,0,0,,GdWo,,0,5,2008,WD,Normal,256339.58
581,2042,60,FV,,7500,Pave,,Reg,Lvl,AllPub,Inside,Gtl,Somerst,Norm,Norm,1Fam,2Story,7,5,2002,2002,Gable,CompShg,VinylSd,VinylSd,,,Gd,TA,PConc,Gd,TA,No,Unf,0.0,Unf,0.0,952.0,952.0,GasA,Ex,Y,SBrkr,952,860,0,1812,0.0,0.0,2,1,3,1,TA,7,Typ,1,TA,Attchd,2002.0,RFn,2.0,469.0,TA,TA,Y,144,112,0,0,0,0,,,,0,4,2008,WD,Normal,200716.74
582,2043,80,RL,,11104,Pave,,IR1,Lvl,AllPub,Inside,Gtl,NWAmes,Norm,Norm,1Fam,SLvl,6,6,1969,1969,Gable,CompShg,MetalSd,MetalSd,,0.0,TA,TA,CBlock,TA,TA,Av,GLQ,828.0,Unf,0.0,599.0,1427.0,GasA,Gd,Y,SBrkr,1427,0,0,1427,0.0,1.0,2,0,4,1,TA,7,Typ,0,,Attchd,1969.0,RFn,2.0,516.0,TA,TA,Y,0,0,0,0,216,0,,,,0,5,2008,WD,Normal,162862.425
583,2044,20,RL,85.0,11050,Pave,,Reg,Lvl,AllPub,Inside,Gtl,NWAmes,Norm,Norm,1Fam,1Story,6,5,1968,1968,Gable,CompShg,HdBoard,HdBoard,,0.0,TA,TA,CBlock,TA,TA,No,Rec,301.0,Unf,0.0,1439.0,1740.0,GasA,Fa,Y,SBrkr,1740,0,0,1740,0.0,0.0,1,1,4,1,TA,8,Typ,1,TA,Attchd,1968.0,RFn,2.0,512.0,TA,TA,Y,25,0,0,0,192,0,,GdWo,,0,10,2008,WD,Family,175729.495
584,2045,20,RL,,15387,Pave,,IR1,Lvl,AllPub,CulDSac,Gtl,NWAmes,Norm,Norm,1Fam,1Story,7,7,1967,1967,Gable,CompShg,Plywood,Plywood,,0.0,TA,TA,CBlock,TA,TA,No,ALQ,603.0,BLQ,294.0,723.0,1620.0,GasA,Ex,Y,SBrkr,1620,0,0,1620,0.0,0.0,2,0,4,1,Gd,8,Typ,1,Gd,Attchd,1967.0,Unf,2.0,578.0,TA,TA,Y,0,62,192,0,0,0,,,Shed,450,8,2008,WD,Normal,201541.485
585,2046,90,RL,75.0,9750,Pave,,Reg,Lvl,AllPub,Inside,Gtl,NWAmes,RRAn,Norm,Duplex,1Story,5,6,1965,1965,Gable,CompShg,MetalSd,MetalSd,,0.0,TA,TA,CBlock,TA,TA,No,Unf,0.0,Unf,0.0,1625.0,1625.0,GasA,Ex,Y,SBrkr,1625,0,0,1625,0.0,0.0,2,0,4,2,TA,8,Typ,0,,Detchd,1965.0,Unf,2.0,484.0,TA,TA,Y,0,0,0,0,0,0,,,,0,8,2008,ConLD,Normal,140619.21
586,2047,60,RL,73.0,8814,Pave,,Reg,Lvl,AllPub,Inside,Gtl,NAmes,Feedr,Norm,1Fam,2Story,5,6,1968,1968,Gable,CompShg,MetalSd,MetalSd,,0.0,TA,TA,CBlock,TA,TA,No,LwQ,732.0,Unf,0.0,0.0,732.0,GasA,Ex,Y,SBrkr,732,732,0,1464,0.0,0.0,1,1,4,1,TA,7,Typ,0,,Attchd,1968.0,Unf,2.0,470.0,TA,TA,Y,0,40,0,0,0,0,,,,0,6,2008,WD,Normal,151722.07
587,2048,20,RL,65.0,8125,Pave,,Reg,Lvl,AllPub,Inside,Gtl,NAmes,Norm,Norm,1Fam,1Story,5,7,1965,2005,Hip,CompShg,HdBoard,HdBoard,,0.0,Gd,TA,CBlock,TA,TA,No,ALQ,260.0,Rec,456.0,196.0,912.0,GasA,Ex,Y,SBrkr,925,0,0,925,1.0,0.0,1,0,3,1,TA,5,Typ,0,,Detchd,1978.0,Unf,2.0,576.0,TA,TA,Y,233,0,0,0,0,0,,,,0,7,2008,WD,Normal,137911.94
588,2049,90,RL,72.0,11072,Pave,,IR1,Lvl,AllPub,Inside,Gtl,NAmes,Norm,Norm,Duplex,1Story,5,5,1965,1965,Gable,CompShg,HdBoard,HdBoard,,0.0,TA,TA,CBlock,TA,TA,No,Unf,0.0,Unf,0.0,1728.0,1728.0,GasA,TA,Y,SBrkr,1728,0,0,1728,0.0,0.0,2,0,6,2,TA,10,Typ,0,,Detchd,1987.0,Unf,2.0,576.0,TA,TA,Y,0,0,0,0,0,0,,,,0,11,2008,WD,Normal,137261.67
589,2050,60,RL,,13355,Pave,,IR1,Lvl,AllPub,Inside,Gtl,NWAmes,Norm,Norm,1Fam,2Story,7,6,1971,1971,Gable,CompShg,HdBoard,HdBoard,,0.0,TA,TA,CBlock,Gd,Gd,No,ALQ,583.0,Unf,0.0,242.0,825.0,GasA,TA,Y,SBrkr,845,825,0,1670,0.0,0.0,1,1,4,1,TA,7,Typ,0,,Attchd,1971.0,Fin,2.0,464.0,TA,TA,Y,0,0,0,0,0,0,,,,0,5,2008,WD,Normal,170471.175
590,2051,20,RL,74.0,7785,Pave,,IR1,Lvl,AllPub,Inside,Gtl,NAmes,Norm,Norm,1Fam,1Story,5,5,1956,1956,Gable,CompShg,HdBoard,HdBoard,,0.0,TA,TA,Slab,,,,,0.0,,0.0,0.0,0.0,GasA,TA,Y,SBrkr,1014,0,0,1014,0.0,0.0,1,0,2,1,TA,6,Typ,0,,Attchd,1956.0,RFn,1.0,267.0,TA,TA,Y,0,0,40,0,200,0,,GdWo,,0,3,2008,WD,Normal,116485.15
591,2052,20,RL,90.0,9900,Pave,,Reg,Lvl,AllPub,Corner,Gtl,NAmes,Norm,Norm,1Fam,1Story,5,5,1961,1961,Gable,CompShg,Plywood,Plywood,,0.0,TA,Gd,CBlock,TA,TA,No,Unf,0.0,Unf,0.0,1114.0,1114.0,GasA,TA,Y,SBrkr,1114,0,0,1114,1.0,0.0,1,0,3,1,TA,5,Typ,0,,Attchd,1961.0,RFn,2.0,451.0,TA,TA,Y,0,0,0,0,164,0,,,,0,5,2008,COD,Abnorml,135102.25
592,2053,20,RL,,11332,Pave,,IR1,Lvl,AllPub,Corner,Gtl,NAmes,Norm,Norm,1Fam,1Story,5,7,1960,2000,Gable,CompShg,Wd Sdng,Wd Sdng,,0.0,TA,TA,CBlock,TA,TA,No,BLQ,528.0,Unf,0.0,590.0,1118.0,GasA,Ex,Y,SBrkr,1118,0,0,1118,1.0,0.0,1,0,3,1,Gd,6,Typ,0,,Attchd,1960.0,RFn,1.0,264.0,TA,TA,Y,290,0,0,0,0,0,,MnPrv,,0,8,2008,WD,Normal,142181.185
593,2054,70,RL,50.0,4882,Pave,,IR1,Bnk,AllPub,Inside,Mod,BrkSide,RRAn,Feedr,1Fam,2Story,4,7,1937,1950,Gable,CompShg,MetalSd,MetalSd,,0.0,TA,TA,PConc,TA,TA,No,Rec,120.0,Unf,0.0,228.0,348.0,GasA,TA,Y,SBrkr,453,453,0,906,0.0,0.0,1,0,2,1,TA,5,Typ,0,,Basment,1937.0,Unf,1.0,231.0,Fa,TA,Y,0,0,0,0,0,0,,,,0,9,2008,WD,Normal,106842.92
594,2055,20,RL,80.0,9600,Pave,,Reg,Lvl,AllPub,Inside,Gtl,NAmes,Norm,Norm,1Fam,1Story,5,6,1960,1960,Gable,CompShg,MetalSd,MetalSd,BrkFace,203.0,Fa,Fa,CBlock,TA,TA,No,Rec,658.0,Unf,0.0,638.0,1296.0,GasA,TA,Y,SBrkr,1496,0,0,1496,0.0,0.0,2,0,3,1,Gd,6,Typ,0,,Attchd,1960.0,RFn,2.0,450.0,TA,TA,Y,0,22,0,0,0,0,,MnPrv,,0,2,2008,WD,Normal,156026.485
595,2056,20,RL,80.0,9600,Pave,,Reg,Lvl,AllPub,Inside,Gtl,NAmes,Norm,Norm,1Fam,1Story,5,8,1950,2006,Gable,CompShg,HdBoard,HdBoard,,0.0,TA,Gd,CBlock,TA,TA,No,BLQ,32.0,Rec,308.0,232.0,572.0,GasA,Gd,Y,SBrkr,1337,0,0,1337,1.0,0.0,1,0,3,1,Gd,7,Typ,1,Gd,Attchd,1950.0,RFn,1.0,264.0,TA,TA,Y,0,192,0,0,0,0,,,,0,9,2008,WD,Normal,147712.875
596,2057,20,RL,63.0,7584,Pave,,Reg,Lvl,AllPub,Inside,Gtl,NAmes,Artery,Norm,1Fam,1Story,5,5,1953,1953,Hip,CompShg,Wd Sdng,Wd Sdng,BrkFace,88.0,TA,TA,CBlock,TA,TA,No,LwQ,531.0,Unf,0.0,505.0,1036.0,GasA,Ex,Y,SBrkr,1036,0,0,1036,0.0,0.0,1,0,3,1,TA,5,Typ,0,,Attchd,1953.0,RFn,1.0,312.0,TA,TA,Y,120,24,0,0,0,0,,MnPrv,,0,6,2008,WD,Normal,128096.25
597,2058,60,RL,90.0,14670,Pave,,Reg,Lvl,AllPub,Inside,Gtl,NAmes,Norm,Norm,1Fam,2Story,6,7,1966,1999,Gable,CompShg,VinylSd,VinylSd,BrkFace,410.0,Gd,Gd,CBlock,TA,TA,No,BLQ,575.0,Unf,0.0,529.0,1104.0,GasA,Ex,Y,SBrkr,1104,884,0,1988,0.0,0.0,2,1,4,1,Gd,9,Typ,1,Gd,Attchd,1966.0,RFn,2.0,480.0,TA,TA,Y,0,230,0,0,0,0,,MnPrv,,0,8,2008,WD,Normal,214687.225
598,2059,20,RL,74.0,8856,Pave,,Reg,Lvl,AllPub,Inside,Gtl,NAmes,Norm,Norm,1Fam,1Story,5,4,1957,1957,Gable,CompShg,Wd Sdng,Wd Sdng,BrkFace,143.0,TA,TA,CBlock,TA,TA,No,ALQ,621.0,LwQ,52.0,503.0,1176.0,GasA,TA,Y,SBrkr,1176,0,0,1176,1.0,0.0,1,0,3,1,TA,6,Typ,2,Gd,Attchd,1957.0,RFn,1.0,292.0,TA,TA,Y,0,88,0,0,95,0,,,,0,5,2008,WD,Normal,141813.625
599,2060,20,RL,82.0,9840,Pave,,Reg,Lvl,AllPub,Inside,Gtl,NAmes,Norm,Norm,1Fam,1Story,5,7,1959,1998,Gable,CompShg,HdBoard,HdBoard,,0.0,TA,TA,CBlock,TA,TA,No,ALQ,1053.0,Unf,0.0,195.0,1248.0,GasA,TA,Y,SBrkr,1440,0,0,1440,1.0,0.0,2,0,2,1,Gd,7,Typ,0,,Attchd,1959.0,RFn,1.0,480.0,TA,TA,Y,150,0,0,0,256,0,,,,0,6,2008,WD,Normal,156666.945
600,2061,20,RL,90.0,13200,Pave,,IR1,Lvl,AllPub,Inside,Gtl,NAmes,Feedr,Norm,1Fam,1Story,6,6,1958,1958,Gable,CompShg,Wd Sdng,Wd Sdng,BrkFace,187.0,TA,TA,CBlock,TA,TA,No,LwQ,958.0,Unf,0.0,437.0,1395.0,GasA,Ex,Y,SBrkr,1570,0,0,1570,1.0,0.0,1,0,3,1,TA,5,Typ,1,TA,Attchd,1958.0,RFn,2.0,441.0,TA,TA,Y,490,0,0,0,0,0,,,,0,5,2008,WD,Normal,167286.5
601,2062,20,RL,75.0,10425,Pave,,Reg,Lvl,AllPub,Inside,Gtl,NAmes,Norm,Norm,1Fam,1Story,5,5,1956,1958,Gable,CompShg,MetalSd,MetalSd,,0.0,TA,TA,CBlock,TA,TA,No,Rec,774.0,Unf,0.0,330.0,1104.0,GasA,Gd,Y,SBrkr,1104,0,0,1104,1.0,0.0,1,0,3,1,TA,5,Typ,0,,Attchd,1956.0,RFn,1.0,384.0,TA,TA,Y,0,0,0,0,0,0,,,,0,4,2008,WD,Normal,136170.375
602,2063,20,RL,60.0,11556,Pave,,Reg,Lvl,AllPub,Inside,Gtl,NAmes,Norm,Norm,1Fam,1Story,5,6,1952,1952,Gable,CompShg,MetalSd,MetalSd,Stone,52.0,TA,TA,CBlock,TA,TA,No,Rec,148.0,Unf,0.0,572.0,720.0,GasA,Ex,Y,FuseA,882,0,0,882,1.0,0.0,1,0,2,1,Gd,4,Typ,0,,Attchd,1952.0,Unf,1.0,240.0,TA,TA,Y,0,0,0,0,0,0,,MnPrv,,0,5,2008,WD,Normal,120821.25
603,2064,20,RL,102.0,9373,Pave,,IR1,Lvl,AllPub,Corner,Gtl,NAmes,Norm,Norm,1Fam,1Story,5,6,1953,1953,Gable,CompShg,MetalSd,MetalSd,BrkFace,84.0,TA,TA,CBlock,TA,TA,No,Rec,500.0,LwQ,196.0,456.0,1152.0,GasA,TA,Y,SBrkr,1152,0,0,1152,0.0,0.0,1,1,3,1,TA,6,Typ,0,,Detchd,1971.0,Unf,2.0,636.0,TA,TA,Y,0,0,0,0,0,0,,,,0,5,2008,WD,Normal,141893.5
604,2065,20,RL,,12774,Pave,,Reg,Lvl,AllPub,Inside,Sev,NAmes,Norm,Norm,1Fam,1Story,5,5,1953,1953,Hip,CompShg,MetalSd,MetalSd,,0.0,TA,TA,PConc,TA,TA,No,BLQ,624.0,LwQ,128.0,232.0,984.0,GasW,TA,N,SBrkr,950,0,0,950,0.0,0.0,1,0,2,1,TA,5,Typ,0,,Detchd,1953.0,Unf,2.0,400.0,TA,TA,Y,0,32,0,0,0,0,,GdWo,,0,7,2008,WD,Normal,117630.25
605,2066,20,RL,95.0,14250,Pave,,Reg,Lvl,AllPub,Inside,Gtl,NAmes,Norm,Norm,1Fam,1Story,6,5,1957,1957,Gable,CompShg,Plywood,Plywood,BrkFace,360.0,TA,TA,CBlock,TA,TA,No,Unf,0.0,Unf,0.0,998.0,998.0,GasA,TA,Y,SBrkr,1790,0,0,1790,0.0,0.0,2,0,3,1,TA,6,Typ,2,Gd,Attchd,1957.0,Fin,2.0,540.0,TA,TA,Y,0,40,0,0,0,0,,,Shed,1500,9,2008,WD,Normal,177448.2
606,2067,20,RL,71.0,8838,Pave,,Reg,Lvl,AllPub,Inside,Gtl,NAmes,Norm,Norm,1Fam,1Story,5,3,1957,1982,Gable,CompShg,MetalSd,MetalSd,,0.0,TA,TA,BrkTil,,,,,0.0,,0.0,0.0,0.0,GasA,Gd,Y,SBrkr,1764,0,0,1764,0.0,0.0,2,1,4,1,TA,7,Maj2,1,TA,Attchd,1957.0,Fin,1.0,301.0,TA,TA,Y,0,72,0,0,0,0,,,,0,10,2008,WD,Normal,150878.5
607,2068,90,RL,76.0,12436,Pave,,Reg,Lvl,AllPub,Inside,Gtl,NAmes,Norm,Norm,Duplex,1Story,5,5,1957,1957,Gable,CompShg,Wd Sdng,Wd Sdng,,0.0,TA,TA,CBlock,TA,TA,No,Unf,0.0,Unf,0.0,1824.0,1824.0,GasA,Fa,Y,FuseA,1824,0,0,1824,0.0,0.0,2,0,5,2,TA,9,Typ,0,,Detchd,1958.0,Unf,2.0,484.0,TA,TA,Y,0,0,0,0,0,0,,,,0,1,2008,WD,Normal,142255.175
608,2069,20,RL,60.0,10122,Pave,,Reg,Lvl,AllPub,Inside,Gtl,OldTown,Norm,Norm,1Fam,1Story,4,6,1948,1950,Gable,CompShg,MetalSd,MetalSd,,0.0,TA,TA,Slab,,,,,0.0,,0.0,0.0,0.0,GasA,TA,N,SBrkr,869,0,0,869,0.0,0.0,1,0,1,1,TA,3,Typ,0,,Detchd,1948.0,Unf,1.0,390.0,Fa,TA,N,0,0,66,0,0,0,,GdPrv,,0,8,2008,WD,Normal,94248.25
609,2070,50,RL,45.0,7506,Pave,,Reg,Lvl,AllPub,Corner,Gtl,OldTown,Norm,Norm,1Fam,1.5Fin,5,8,1925,1950,Gable,CompShg,VinylSd,VinylSd,,0.0,TA,Gd,PConc,TA,TA,No,Unf,0.0,Unf,0.0,747.0,747.0,GasA,TA,Y,SBrkr,747,412,0,1159,0.0,0.0,1,0,3,1,TA,5,Typ,0,,Detchd,1932.0,Unf,1.0,288.0,Fa,TA,N,84,0,96,0,0,0,,,,0,5,2008,WD,Normal,109236.125
610,2071,30,RL,60.0,5400,Pave,,Reg,Lvl,AllPub,Corner,Gtl,OldTown,Norm,Norm,1Fam,1Story,4,7,1940,2005,Gambrel,CompShg,VinylSd,VinylSd,,0.0,Gd,TA,PConc,TA,TA,No,Unf,0.0,Unf,0.0,672.0,672.0,GasA,Gd,Y,SBrkr,672,0,0,672,0.0,0.0,1,0,2,1,TA,4,Typ,0,,Detchd,1997.0,Unf,1.0,308.0,TA,TA,N,88,108,0,0,0,0,,,,0,7,2008,WD,Normal,116667.445
611,2072,50,RL,60.0,10836,Pave,Grvl,Reg,Lvl,AllPub,Inside,Gtl,OldTown,Norm,Norm,1Fam,1.5Fin,5,5,1922,1950,Gable,CompShg,Wd Sdng,Wd Sdng,,0.0,TA,TA,BrkTil,TA,TA,No,Unf,0.0,Unf,0.0,892.0,892.0,GasA,Ex,Y,SBrkr,1254,182,0,1436,0.0,1.0,1,0,3,1,TA,7,Typ,1,Gd,Detchd,1968.0,Unf,4.0,1488.0,Fa,TA,N,0,0,100,0,0,0,,GdWo,,0,6,2008,WD,Normal,145008.135
612,2073,20,RL,78.0,10180,Pave,,IR1,Lvl,AllPub,Corner,Gtl,NAmes,Feedr,Norm,1Fam,1Story,5,6,1968,1968,Gable,CompShg,HdBoard,Plywood,,0.0,TA,TA,CBlock,TA,TA,No,Rec,744.0,Unf,0.0,168.0,912.0,GasA,TA,Y,SBrkr,1044,0,0,1044,0.0,1.0,1,1,3,1,TA,5,Typ,1,Fa,Attchd,1990.0,Fin,2.0,372.0,TA,TA,Y,200,48,0,0,0,0,,GdWo,Shed,450,6,2008,WD,Normal,145800.075
613,2074,20,RL,76.0,11355,Pave,,IR1,Lvl,AllPub,Corner,Gtl,NAmes,Norm,Norm,1Fam,1Story,7,7,1958,2001,Gable,Tar&Grv,HdBoard,HdBoard,BrkFace,125.0,TA,TA,CBlock,TA,TA,No,BLQ,637.0,Unf,0.0,675.0,1312.0,GasA,Ex,Y,SBrkr,1312,0,0,1312,0.0,0.0,1,1,3,1,TA,6,Typ,1,Gd,Attchd,1958.0,RFn,2.0,495.0,TA,TA,Y,0,304,144,0,0,0,,MnPrv,Othr,6500,4,2008,WD,Normal,171033.16
614,2075,20,RL,,12929,Pave,,IR1,Lvl,AllPub,Inside,Gtl,NAmes,Norm,Norm,1Fam,1Story,6,6,1960,1993,Gable,CompShg,Wd Sdng,Wd Sdng,BrkFace,276.0,TA,TA,CBlock,TA,TA,Gd,GLQ,697.0,Unf,0.0,384.0,1081.0,GasA,TA,Y,SBrkr,1081,0,0,1081,1.0,0.0,1,0,3,1,TA,5,Typ,0,,CarPort,1960.0,Unf,1.0,401.0,TA,TA,Y,36,82,0,0,0,0,,,,0,6,2008,WD,Normal,146340.16
615,2076,20,RL,60.0,7200,Pave,,Reg,Lvl,AllPub,Inside,Gtl,NAmes,Norm,Norm,1Fam,1Story,5,7,1951,1951,Gable,CompShg,MetalSd,MetalSd,,0.0,TA,TA,CBlock,Fa,TA,No,LwQ,432.0,Unf,0.0,444.0,876.0,GasA,TA,Y,SBrkr,876,0,0,876,0.0,0.0,1,0,2,1,TA,5,Typ,1,TA,Detchd,1972.0,Unf,2.0,576.0,TA,TA,Y,0,0,0,0,0,0,,,,0,2,2008,WD,Abnorml,125384.095
616,2077,20,RL,80.0,8000,Pave,,Reg,Lvl,AllPub,Inside,Gtl,NAmes,Norm,Norm,1Fam,1Story,5,6,1959,1959,Gable,CompShg,BrkFace,Wd Sdng,,0.0,TA,TA,PConc,TA,TA,No,BLQ,476.0,Rec,488.0,292.0,1256.0,GasA,Gd,Y,FuseA,1256,0,0,1256,1.0,0.0,1,1,3,1,Gd,6,Typ,0,,Attchd,1959.0,RFn,1.0,311.0,TA,TA,Y,0,240,0,0,0,0,,,,0,5,2008,WD,Normal,150652.075
617,2078,20,RL,80.0,8000,Pave,,Reg,Lvl,AllPub,Inside,Gtl,NAmes,Norm,Norm,1Fam,1Story,5,5,1962,1962,Gable,CompShg,BrkFace,MetalSd,,0.0,TA,TA,CBlock,TA,TA,No,BLQ,520.0,Rec,319.0,188.0,1027.0,GasA,TA,Y,SBrkr,1027,0,0,1027,0.0,1.0,1,0,3,1,TA,6,Typ,0,,Attchd,1962.0,Unf,1.0,299.0,TA,TA,Y,0,0,0,0,0,0,,,,0,11,2008,WD,Normal,129629.04
618,2079,50,RL,60.0,8064,Pave,,Reg,Lvl,AllPub,Inside,Gtl,NAmes,Artery,Norm,1Fam,1.5Fin,6,6,1948,1950,Gable,CompShg,Wd Sdng,Wd Sdng,,0.0,TA,TA,CBlock,TA,TA,No,ALQ,315.0,Unf,0.0,453.0,768.0,GasA,Ex,Y,SBrkr,819,501,0,1320,0.0,0.0,2,0,3,1,TA,5,Typ,0,,Detchd,1994.0,Unf,2.0,576.0,TA,TA,Y,108,0,0,0,0,0,,GdWo,,0,9,2008,WD,Normal,130553.3
619,2080,45,RL,64.0,6390,Pave,,Reg,Lvl,AllPub,Corner,Gtl,NAmes,Feedr,Norm,1Fam,1.5Unf,6,7,1954,1954,Gable,CompShg,MetalSd,MetalSd,,0.0,TA,TA,CBlock,TA,TA,No,Unf,0.0,Unf,0.0,936.0,936.0,GasA,TA,Y,FuseA,984,0,0,984,1.0,0.0,1,0,2,1,TA,4,Typ,0,,Detchd,1954.0,Unf,1.0,280.0,TA,TA,Y,0,0,0,0,0,0,,GdWo,,0,6,2008,WD,Normal,117854.0
620,2081,50,RL,60.0,7200,Pave,,Reg,Lvl,AllPub,Inside,Gtl,NAmes,Norm,Norm,1Fam,1.5Fin,6,5,1954,1954,Gable,CompShg,MetalSd,MetalSd,,0.0,TA,TA,CBlock,TA,TA,No,Rec,673.0,Unf,0.0,181.0,854.0,GasA,Fa,Y,FuseA,854,424,0,1278,0.0,0.0,1,0,4,1,TA,6,Typ,0,,Attchd,1954.0,Unf,1.0,240.0,TA,TA,Y,0,0,0,0,0,0,,MnWw,,0,4,2008,WD,Normal,124613.585
621,2082,90,RL,113.0,8513,Pave,,Reg,Lvl,AllPub,Corner,Gtl,NAmes,Artery,Norm,Duplex,1Story,5,5,1961,1961,Gable,CompShg,BrkFace,Wd Sdng,,0.0,TA,TA,CBlock,TA,TA,Av,Unf,0.0,Unf,0.0,1800.0,1800.0,GasA,TA,N,SBrkr,1800,0,0,1800,0.0,0.0,2,0,6,2,TA,10,Typ,0,,,,,0.0,0.0,,,N,0,0,0,0,0,0,,,,0,11,2008,WD,Abnorml,132734.55
622,2083,50,RL,60.0,7200,Pave,,Reg,Lvl,AllPub,Inside,Gtl,NAmes,Norm,Norm,1Fam,1.5Fin,5,6,1955,1967,Gable,CompShg,MetalSd,MetalSd,,0.0,TA,Gd,CBlock,TA,TA,Mn,GLQ,370.0,Unf,0.0,398.0,768.0,GasA,Gd,Y,SBrkr,1024,564,0,1588,0.0,0.0,1,1,3,1,TA,6,Typ,0,,Detchd,1955.0,Unf,2.0,480.0,TA,TA,Y,0,0,0,0,0,0,,,,0,3,2008,WD,Normal,138749.145
623,2084,20,RL,60.0,7200,Pave,,Reg,Lvl,AllPub,Inside,Gtl,NAmes,Norm,Norm,1Fam,1Story,5,7,1954,1954,Gable,CompShg,MetalSd,MetalSd,,0.0,TA,TA,CBlock,TA,TA,No,Unf,0.0,Unf,0.0,825.0,825.0,GasA,TA,Y,FuseA,825,0,0,825,0.0,1.0,1,0,2,1,TA,4,Typ,0,,Attchd,1954.0,Unf,1.0,350.0,TA,TA,Y,0,0,0,0,0,0,,,,0,7,2008,WD,Normal,114306.27
624,2085,20,RL,69.0,7590,Pave,,Reg,Lvl,AllPub,Inside,Gtl,NAmes,PosN,Norm,1Fam,1Story,5,5,1963,1963,Gable,CompShg,Wd Sdng,Wd Sdng,,0.0,TA,TA,CBlock,TA,TA,No,Unf,0.0,Unf,0.0,1117.0,1117.0,GasA,Ex,Y,SBrkr,1117,0,0,1117,0.0,0.0,1,0,3,1,TA,6,Typ,0,,Attchd,1963.0,Unf,1.0,264.0,TA,TA,Y,0,0,0,0,0,0,,,,0,5,2008,COD,Normal,130498.4
625,2086,20,RM,56.0,9836,Pave,Grvl,Reg,Bnk,AllPub,Inside,Gtl,OldTown,Artery,Norm,1Fam,1Story,6,5,2008,2008,Gable,CompShg,VinylSd,VinylSd,,0.0,TA,TA,PConc,TA,TA,No,GLQ,96.0,Unf,0.0,96.0,192.0,GasA,Gd,N,SBrkr,1133,0,0,1133,1.0,0.0,1,0,3,1,TA,7,Typ,0,,Detchd,2008.0,Unf,1.0,308.0,TA,TA,Y,0,175,0,0,0,0,,,,0,12,2008,WD,Abnorml,132896.555
626,2087,50,RM,57.0,9184,Pave,Grvl,Reg,Lvl,AllPub,Inside,Gtl,OldTown,Artery,Norm,1Fam,1.5Fin,5,7,1948,2005,Gable,CompShg,WdShing,Wd Shng,,0.0,TA,TA,BrkTil,TA,TA,No,Unf,0.0,Unf,0.0,780.0,780.0,GasA,Ex,Y,SBrkr,948,375,0,1323,0.0,0.0,1,0,3,1,TA,6,Typ,0,,Detchd,1948.0,Unf,2.0,400.0,TA,TA,Y,0,0,0,0,0,0,,,,0,7,2008,WD,Normal,124624.05
627,2088,70,RM,80.0,4800,Pave,Grvl,Reg,Lvl,AllPub,Inside,Gtl,OldTown,Norm,Norm,1Fam,2Story,5,5,1910,2003,Gable,CompShg,AsbShng,AsbShng,,0.0,TA,TA,BrkTil,TA,Fa,No,Unf,0.0,Unf,0.0,680.0,680.0,GasA,Fa,N,SBrkr,680,680,0,1360,0.0,0.0,1,0,2,1,TA,6,Typ,0,,Attchd,1910.0,Unf,1.0,330.0,Fa,TA,Y,192,50,0,0,0,0,,,,0,1,2008,WD,Normal,114424.725
628,2089,30,RM,60.0,4800,Pave,,Reg,Lvl,AllPub,Corner,Gtl,OldTown,Norm,Norm,1Fam,1Story,5,4,1940,1950,Gable,CompShg,MetalSd,MetalSd,,0.0,TA,TA,CBlock,Fa,TA,No,Unf,0.0,Unf,0.0,672.0,672.0,GasA,TA,Y,SBrkr,672,0,0,672,0.0,0.0,1,0,2,1,TA,4,Typ,0,,Detchd,1950.0,Unf,1.0,256.0,TA,TA,Y,0,0,0,0,0,0,,MnPrv,,0,8,2008,WD,Normal,101968.25
629,2090,75,RM,60.0,6000,Pave,,Reg,Lvl,AllPub,Inside,Gtl,OldTown,Norm,Norm,1Fam,2.5Unf,6,7,1915,2005,Gable,CompShg,Wd Sdng,Wd Sdng,,0.0,Gd,TA,BrkTil,TA,TA,No,Unf,0.0,Unf,0.0,728.0,728.0,GasA,Gd,Y,SBrkr,728,728,0,1456,0.0,0.0,1,1,4,1,Gd,7,Typ,0,,Detchd,1915.0,Unf,1.0,308.0,Fa,Fa,N,0,0,248,0,0,0,,,,0,6,2008,WD,Normal,128732.745
630,2091,190,RM,63.0,11426,Pave,Grvl,Reg,Lvl,AllPub,Inside,Gtl,OldTown,Norm,Norm,2fmCon,1.5Fin,4,6,1910,1996,Gable,CompShg,Wd Sdng,Wd Sdng,,0.0,TA,TA,Stone,TA,TA,No,Unf,0.0,Unf,0.0,828.0,828.0,GasA,Gd,Y,FuseA,828,658,108,1594,0.0,0.0,2,0,3,2,TA,9,Typ,0,,,,,0.0,0.0,,,N,0,172,109,0,0,0,,,,0,6,2008,WD,Normal,122479.39
631,2092,50,RM,63.0,7628,Pave,,Reg,Lvl,AllPub,Inside,Gtl,OldTown,Norm,Norm,1Fam,1.5Fin,4,6,1940,1985,Gable,CompShg,MetalSd,MetalSd,,0.0,TA,Gd,BrkTil,TA,TA,No,Unf,0.0,Unf,0.0,801.0,801.0,GasA,Gd,Y,FuseA,1095,561,0,1656,0.0,0.0,2,0,2,1,TA,8,Mod,0,,Detchd,1958.0,Unf,2.0,440.0,TA,TA,Y,187,0,0,0,0,0,,,,0,5,2008,WD,Normal,129819.37
632,2093,50,RM,81.0,7308,Pave,,Reg,Lvl,AllPub,Corner,Gtl,OldTown,Artery,Norm,1Fam,1.5Fin,5,5,1920,1950,Gable,CompShg,WdShing,Wd Shng,,0.0,Fa,Fa,BrkTil,TA,TA,No,Rec,360.0,Unf,0.0,576.0,936.0,GasA,Gd,N,FuseA,960,780,0,1740,0.0,0.0,1,0,2,1,Ex,6,Typ,1,Gd,Detchd,1920.0,Unf,1.0,225.0,Fa,Fa,N,0,0,236,0,0,0,,,,0,6,2008,WD,Normal,131717.81
633,2094,30,RM,60.0,5400,Pave,,Reg,Lvl,AllPub,Inside,Gtl,OldTown,Norm,Norm,1Fam,1Story,7,6,1920,2006,Gable,CompShg,Stucco,Stucco,,0.0,Gd,TA,CBlock,TA,TA,No,Unf,0.0,Unf,0.0,931.0,931.0,GasA,TA,Y,SBrkr,1027,0,0,1027,0.0,1.0,1,0,2,1,Gd,5,Typ,1,TA,,,,0.0,0.0,,,N,0,28,0,0,0,0,,,,0,2,2008,WD,Normal,126527.59
634,2095,190,RM,60.0,10800,Pave,Grvl,Reg,Lvl,AllPub,Inside,Gtl,OldTown,Norm,Norm,2fmCon,1.5Fin,6,6,1940,1950,Gable,CompShg,Wd Sdng,Wd Sdng,,0.0,TA,TA,CBlock,TA,TA,No,BLQ,590.0,Unf,0.0,294.0,884.0,GasA,TA,Y,SBrkr,884,552,0,1436,0.0,0.0,2,0,3,2,TA,8,Typ,2,Gd,Detchd,1940.0,Unf,2.0,828.0,TA,TA,Y,0,0,126,0,0,0,,,,0,5,2008,Con,Normal,143639.39
635,2096,30,RM,60.0,6756,Pave,,Reg,Lvl,AllPub,Inside,Gtl,OldTown,Norm,Norm,1Fam,1Story,5,6,1910,1950,Mansard,CompShg,MetalSd,MetalSd,,0.0,TA,TA,BrkTil,TA,Gd,No,Unf,0.0,Unf,0.0,481.0,481.0,GasA,TA,N,FuseA,899,0,0,899,0.0,0.0,1,0,2,1,TA,5,Typ,0,,Detchd,1930.0,Unf,1.0,200.0,Fa,TA,P,0,0,96,0,0,0,,,,0,9,2008,WD,Normal,97475.935
636,2097,50,RM,44.0,5914,Pave,Grvl,Reg,Lvl,AllPub,Inside,Gtl,OldTown,Norm,Norm,1Fam,1.5Fin,5,9,1890,1996,Gable,CompShg,Wd Sdng,HdBoard,,0.0,TA,TA,BrkTil,Fa,TA,No,Unf,0.0,Unf,0.0,684.0,684.0,GasA,Gd,Y,SBrkr,684,396,0,1080,0.0,0.0,1,0,3,1,Gd,5,Typ,0,,,,,0.0,0.0,,,N,0,165,30,0,0,0,,,,0,9,2008,WD,Normal,102495.95
637,2098,50,RM,75.0,9000,Pave,,Reg,Lvl,AllPub,Corner,Gtl,OldTown,Norm,Norm,1Fam,1.5Fin,5,6,1946,1950,Gable,CompShg,MetalSd,MetalSd,,0.0,TA,TA,CBlock,TA,TA,No,Rec,445.0,Unf,0.0,459.0,904.0,GasA,Ex,Y,FuseA,904,595,0,1499,0.0,0.0,1,0,3,1,TA,5,Typ,1,Po,Detchd,1959.0,Unf,3.0,869.0,TA,Gd,Y,0,20,0,0,0,0,,,,0,6,2008,WD,Normal,143006.45
638,2099,20,RM,62.0,7311,Pave,,Reg,Lvl,AllPub,Corner,Gtl,OldTown,Norm,Norm,1Fam,1Story,2,5,1946,1950,Gable,CompShg,VinylSd,VinylSd,,0.0,TA,Gd,BrkTil,TA,TA,No,Unf,0.0,Unf,0.0,407.0,407.0,GasA,TA,N,FuseA,407,0,0,407,0.0,0.0,1,0,1,1,TA,3,Typ,0,,Detchd,1949.0,Unf,1.0,297.0,Fa,TA,Y,76,0,120,0,0,0,,,,0,3,2008,WD,Abnorml,92342.79
639,2100,20,RM,103.0,12205,Pave,,Reg,Lvl,AllPub,Inside,Gtl,OldTown,Norm,Norm,1Fam,1Story,3,1,1949,1992,Gable,CompShg,MetalSd,MetalSd,,0.0,TA,TA,BrkTil,Fa,Fa,No,Unf,0.0,Unf,0.0,448.0,448.0,GasA,Gd,Y,SBrkr,1588,0,0,1588,0.0,0.0,2,0,5,1,TA,6,Maj2,0,,,,,0.0,0.0,,,N,0,0,0,0,0,0,,MnPrv,,0,12,2008,WD,Abnorml,118130.725
640,2101,190,RM,69.0,9142,Pave,,Reg,Lvl,AllPub,Inside,Gtl,OldTown,Norm,Norm,2fmCon,2Story,5,5,1900,2006,Gable,CompShg,MetalSd,MetalSd,,0.0,TA,Fa,BrkTil,Fa,TA,No,Unf,0.0,Unf,0.0,797.0,797.0,GasA,TA,N,FuseA,830,797,0,1627,0.0,0.0,2,0,4,2,TA,10,Typ,0,,Detchd,1950.0,Unf,2.0,420.0,Fa,Po,N,192,0,60,0,0,0,,,,0,2,2008,WD,Normal,126480.06
641,2102,75,RM,53.0,5350,Pave,,Reg,Lvl,AllPub,Corner,Gtl,OldTown,Artery,Norm,1Fam,2Story,7,8,1920,1965,Gable,CompShg,Wd Sdng,Wd Shng,,0.0,TA,TA,BrkTil,TA,TA,No,BLQ,116.0,Unf,0.0,508.0,624.0,GasA,Ex,Y,SBrkr,730,720,0,1450,0.0,0.0,1,0,3,1,TA,7,Typ,0,,Detchd,1935.0,Unf,1.0,288.0,TA,TA,Y,0,192,0,0,0,0,,MnPrv,,0,3,2008,WD,Normal,134680.175
642,2103,50,RM,69.0,9143,Pave,Grvl,Reg,Lvl,AllPub,Corner,Gtl,OldTown,Norm,Norm,1Fam,1.5Fin,5,7,1900,2003,Gable,CompShg,VinylSd,VinylSd,,0.0,TA,TA,CBlock,TA,TA,No,Unf,0.0,Unf,0.0,346.0,346.0,GasA,Ex,Y,SBrkr,709,308,0,1017,0.0,0.0,1,0,2,1,TA,5,Typ,0,,Detchd,1961.0,Unf,1.0,308.0,TA,TA,N,0,0,139,0,0,0,,,,0,5,2008,WD,Normal,115448.27
643,2104,190,RM,60.0,9600,Pave,Grvl,Reg,Lvl,AllPub,Inside,Gtl,OldTown,Norm,Norm,2fmCon,2Story,5,5,1920,1960,Gable,CompShg,AsbShng,AsbShng,,0.0,TA,TA,BrkTil,TA,TA,No,Rec,234.0,Unf,0.0,739.0,973.0,GasA,TA,Y,FuseP,1377,973,0,2350,0.0,0.0,2,0,4,2,TA,10,Typ,0,,2Types,1930.0,Unf,2.0,393.0,TA,TA,Y,0,0,219,0,0,0,,,,0,4,2008,WD,Normal,131327.9
644,2105,70,RM,60.0,6000,Pave,Grvl,Reg,Lvl,AllPub,Corner,Gtl,OldTown,Norm,Norm,1Fam,2Story,5,9,1905,2005,Gable,CompShg,MetalSd,MetalSd,,0.0,Gd,TA,BrkTil,Fa,TA,No,Unf,0.0,Unf,0.0,572.0,572.0,GasA,Ex,Y,SBrkr,884,656,0,1540,0.0,0.0,1,1,3,1,Gd,7,Typ,0,,,,,0.0,0.0,,,N,240,77,0,0,0,0,,,,0,2,2008,WD,Normal,125721.61
645,2106,70,RM,60.0,11340,Pave,,Reg,Lvl,AllPub,Inside,Gtl,OldTown,Norm,Norm,1Fam,2Story,2,1,1920,1950,Gable,CompShg,AsbShng,AsbShng,,0.0,Fa,Fa,BrkTil,Fa,Fa,No,Unf,0.0,Unf,0.0,723.0,723.0,GasA,TA,N,SBrkr,723,363,0,1086,0.0,0.0,1,0,2,1,TA,5,Maj1,0,,Detchd,1920.0,Unf,2.0,400.0,Fa,Po,N,0,24,144,0,0,0,,,,0,11,2008,ConLD,Normal,100743.525
646,2107,70,RM,60.0,10800,Pave,,Reg,Lvl,AllPub,Inside,Gtl,OldTown,Norm,Norm,1Fam,2Story,7,7,1890,1999,Gable,CompShg,Wd Sdng,Wd Shng,,0.0,TA,TA,BrkTil,TA,TA,Mn,Unf,0.0,Unf,0.0,1313.0,1313.0,GasW,Gd,Y,SBrkr,1313,1182,0,2495,0.0,0.0,2,0,5,1,TA,10,Typ,1,Gd,Detchd,1950.0,Unf,2.0,342.0,TA,Fa,Y,0,299,0,0,0,0,,,,0,12,2008,WD,Normal,190748.415
647,2108,20,RM,65.0,9750,Pave,,Reg,Lvl,AllPub,Inside,Gtl,OldTown,Norm,Norm,1Fam,1Story,5,6,1959,1959,Gable,CompShg,MetalSd,MetalSd,BrkFace,164.0,TA,TA,CBlock,TA,TA,No,Rec,200.0,Unf,0.0,784.0,984.0,GasA,Gd,Y,SBrkr,984,0,0,984,1.0,0.0,1,0,2,1,Fa,5,Typ,0,,Detchd,1959.0,Unf,1.0,308.0,TA,TA,N,0,0,0,0,0,0,,,,0,6,2008,WD,Normal,121234.915
648,2109,20,RM,52.0,8516,Pave,,Reg,Lvl,AllPub,Inside,Gtl,OldTown,Norm,Norm,1Fam,1Story,4,6,1958,2006,Gable,CompShg,MetalSd,MetalSd,,0.0,TA,TA,CBlock,TA,TA,No,Unf,0.0,Unf,0.0,869.0,869.0,GasA,TA,Y,SBrkr,1093,0,0,1093,0.0,0.0,1,0,2,1,TA,5,Typ,0,,Detchd,1959.0,Unf,1.0,308.0,TA,TA,Y,0,0,0,0,0,0,,,,0,5,2008,WD,Normal,117345.44
649,2110,30,RL,55.0,7111,Pave,,IR1,Bnk,AllPub,Inside,Gtl,BrkSide,Norm,Norm,1Fam,1Story,5,7,1928,1983,Gable,CompShg,WdShing,Wd Shng,,0.0,Gd,Gd,BrkTil,TA,TA,No,LwQ,406.0,BLQ,273.0,329.0,1008.0,GasA,TA,Y,SBrkr,1143,0,0,1143,0.0,0.0,1,0,2,1,TA,5,Typ,1,Po,Detchd,1992.0,Unf,1.0,288.0,TA,TA,Y,265,0,0,0,0,0,,GdPrv,,0,7,2008,WD,Normal,136745.635
650,2111,50,RM,,7425,Pave,,IR1,Bnk,AllPub,Corner,Gtl,BrkSide,RRAn,Artery,1Fam,1.5Fin,7,7,1945,1950,Gable,CompShg,Wd Sdng,Wd Sdng,,0.0,TA,TA,CBlock,TA,Fa,No,Unf,0.0,Unf,0.0,672.0,672.0,GasA,Gd,Y,SBrkr,1195,473,0,1668,0.0,0.0,1,1,3,1,Gd,8,Typ,0,,Attchd,1945.0,Unf,1.0,252.0,TA,TA,Y,210,0,0,0,0,0,,,,0,8,2008,WD,Abnorml,140172.79
651,2112,50,RL,,7010,Pave,,Reg,Lvl,AllPub,Inside,Gtl,BrkSide,Norm,Norm,1Fam,1.5Fin,5,5,1935,1950,Gable,CompShg,Wd Sdng,Wd Sdng,,0.0,TA,TA,BrkTil,TA,TA,No,Rec,175.0,Unf,0.0,849.0,1024.0,GasA,TA,Y,SBrkr,1144,594,0,1738,0.0,0.0,2,0,3,1,TA,6,Typ,1,Gd,Detchd,1950.0,Unf,1.0,240.0,TA,TA,P,0,30,0,0,0,0,,,,0,7,2008,WD,Normal,137792.69
652,2113,50,RM,50.0,5000,Pave,,Reg,Lvl,AllPub,Inside,Gtl,BrkSide,Feedr,Norm,1Fam,1.5Fin,5,7,1941,2006,Gable,CompShg,Wd Sdng,Wd Sdng,,0.0,TA,Gd,CBlock,TA,TA,No,ALQ,600.0,Unf,0.0,72.0,672.0,GasA,Ex,Y,SBrkr,832,378,0,1210,0.0,0.0,1,0,3,1,Gd,6,Typ,0,,Detchd,1941.0,Unf,1.0,240.0,TA,TA,P,0,0,0,0,0,0,,,,0,5,2008,WD,Normal,124159.25
653,2114,70,RM,59.0,5870,Pave,,Reg,Lvl,AllPub,Corner,Gtl,BrkSide,Feedr,Feedr,1Fam,2Story,6,9,1900,2000,Gable,CompShg,HdBoard,HdBoard,,0.0,TA,Gd,BrkTil,TA,TA,No,Unf,0.0,Unf,0.0,554.0,554.0,GasA,Ex,Y,SBrkr,736,554,0,1290,0.0,0.0,1,1,3,1,TA,6,Typ,0,,Detchd,1926.0,Unf,1.0,200.0,Fa,TA,Y,38,112,0,0,0,0,,MnPrv,Shed,400,4,2008,WD,Normal,121880.71
654,2115,50,RM,50.0,6000,Pave,,Reg,Lvl,AllPub,Inside,Gtl,BrkSide,Norm,Norm,1Fam,1.5Fin,6,7,1940,1989,Gable,CompShg,Wd Sdng,Wd Sdng,,0.0,TA,TA,CBlock,TA,TA,No,ALQ,521.0,Unf,0.0,460.0,981.0,GasA,Ex,Y,SBrkr,1014,658,0,1672,0.0,0.0,1,1,3,1,Gd,6,Typ,1,Gd,Detchd,1940.0,Unf,1.0,240.0,TA,TA,Y,0,11,0,0,0,0,,GdPrv,,0,7,2008,WD,Normal,146380.135
655,2116,30,RM,50.0,6000,Pave,,Reg,HLS,AllPub,Inside,Gtl,BrkSide,Norm,Norm,1Fam,1Story,5,7,1924,2003,Gable,CompShg,Wd Sdng,Wd Sdng,,0.0,TA,Fa,BrkTil,TA,Fa,No,Unf,0.0,Unf,0.0,949.0,949.0,GasA,Ex,Y,SBrkr,949,0,0,949,0.0,0.0,1,0,2,1,TA,5,Typ,1,Fa,Detchd,1924.0,Unf,2.0,370.0,TA,TA,Y,0,0,48,0,0,0,,,,0,7,2008,WD,Normal,122989.65
656,2117,50,RM,50.0,6000,Pave,,Reg,Lvl,AllPub,Inside,Gtl,BrkSide,Norm,Norm,1Fam,1.5Fin,6,7,1937,2000,Gable,CompShg,Wd Sdng,Wd Sdng,,0.0,TA,Gd,BrkTil,TA,TA,No,Rec,201.0,LwQ,162.0,462.0,825.0,GasA,Ex,Y,SBrkr,825,672,0,1497,0.0,0.0,2,0,3,1,TA,5,Typ,0,,Detchd,2004.0,Unf,1.0,672.0,TA,TA,Y,272,0,0,0,0,0,,GdPrv,,0,5,2008,WD,Normal,137378.775
657,2118,50,RM,50.0,6000,Pave,,Reg,Lvl,AllPub,Inside,Gtl,BrkSide,Norm,Norm,1Fam,1.5Fin,6,5,1939,1950,Gable,CompShg,Wd Sdng,Wd Sdng,,0.0,TA,TA,CBlock,TA,TA,No,LwQ,264.0,Unf,0.0,475.0,739.0,GasA,Ex,Y,SBrkr,874,468,0,1342,0.0,0.0,2,0,2,2,TA,7,Typ,1,Gd,Detchd,1939.0,Unf,1.0,240.0,TA,TA,Y,0,0,0,0,0,0,,,,0,4,2008,WD,Normal,127990.48
658,2119,45,RM,50.0,5000,Pave,,Reg,Bnk,AllPub,Inside,Mod,BrkSide,Norm,Norm,1Fam,1.5Unf,6,7,1926,1950,Gable,CompShg,MetalSd,MetalSd,,0.0,TA,TA,BrkTil,TA,TA,No,Unf,0.0,Unf,0.0,992.0,992.0,GasA,Ex,Y,SBrkr,1013,0,0,1013,0.0,0.0,1,0,3,1,TA,6,Typ,0,,Detchd,1926.0,Unf,1.0,160.0,Fa,TA,Y,0,0,101,0,0,0,,,,0,4,2008,WD,Normal,113745.025
659,2120,50,RM,60.0,5520,Pave,,IR1,Lvl,AllPub,FR2,Gtl,BrkSide,Feedr,Norm,1Fam,1.5Fin,5,7,1920,1997,Gable,CompShg,AsbShng,AsbShng,,0.0,TA,Gd,BrkTil,TA,TA,No,ALQ,68.0,Unf,0.0,497.0,565.0,GasA,TA,Y,SBrkr,565,651,0,1216,1.0,0.0,1,0,3,1,TA,6,Typ,1,Gd,BuiltIn,1920.0,RFn,1.0,355.0,Fa,TA,Y,0,0,180,0,0,0,,MnPrv,,0,4,2008,WD,Normal,126601.25
660,2121,20,RM,99.0,5940,Pave,,IR1,Lvl,AllPub,FR3,Gtl,BrkSide,Feedr,Norm,1Fam,1Story,4,7,1946,1950,Gable,CompShg,MetalSd,CBlock,,0.0,TA,TA,PConc,,,,,,,,,,GasA,TA,Y,FuseA,896,0,0,896,,,1,0,2,1,TA,4,Typ,0,,Detchd,1946.0,Unf,1.0,280.0,TA,TA,Y,0,0,0,0,0,0,,MnPrv,,0,4,2008,ConLD,Abnorml,107260.68
661,2122,50,RM,52.0,6240,Pave,,Reg,Lvl,AllPub,Inside,Gtl,BrkSide,Norm,Norm,1Fam,1.5Fin,4,7,1929,1950,Gable,CompShg,MetalSd,MetalSd,,0.0,TA,TA,PConc,TA,TA,No,BLQ,80.0,Unf,0.0,624.0,704.0,GasA,Ex,Y,SBrkr,624,512,0,1136,0.0,1.0,1,0,2,1,TA,6,Typ,0,,Detchd,1990.0,Unf,1.0,336.0,TA,TA,Y,0,365,80,0,0,0,,,,0,8,2008,WD,Normal,116443.875
662,2123,30,RM,,6120,Pave,,Reg,Lvl,AllPub,Inside,Gtl,BrkSide,Norm,Norm,1Fam,1Story,5,6,1945,1995,Gable,CompShg,Plywood,Plywood,,0.0,TA,Gd,CBlock,,,,,0.0,,0.0,0.0,0.0,GasA,Gd,N,SBrkr,808,0,0,808,0.0,0.0,1,0,1,1,TA,6,Min2,0,,Attchd,1925.0,Unf,1.0,164.0,TA,TA,P,0,48,0,0,0,0,,,,0,6,2008,WD,Normal,101526.185
663,2124,50,RM,52.0,6240,Pave,,Reg,Lvl,AllPub,Inside,Gtl,BrkSide,Norm,Norm,1Fam,1.5Fin,7,5,1939,1950,Gable,CompShg,Wd Sdng,Wd Sdng,,0.0,TA,TA,BrkTil,TA,TA,Mn,Rec,300.0,LwQ,240.0,449.0,989.0,GasA,TA,Y,SBrkr,1245,764,0,2009,0.0,0.0,2,0,4,1,TA,7,Min2,1,Gd,Detchd,1939.0,Unf,2.0,400.0,TA,TA,Y,0,20,0,0,0,0,,MnPrv,,0,1,2008,WD,Normal,158716.385
664,2125,70,RM,51.0,6120,Pave,,Reg,Lvl,AllPub,Inside,Gtl,OldTown,Artery,Norm,1Fam,2Story,5,5,1923,1950,Gambrel,CompShg,Wd Sdng,Wd Sdng,,0.0,TA,TA,BrkTil,TA,TA,No,LwQ,203.0,Unf,0.0,897.0,1100.0,GasA,TA,Y,SBrkr,1226,676,0,1902,0.0,0.0,2,0,4,1,TA,7,Typ,0,,Detchd,1960.0,Unf,2.0,576.0,TA,TA,Y,0,139,55,0,0,0,,,,0,10,2008,WD,Normal,132536.86
665,2126,50,RL,60.0,9144,Pave,Pave,Reg,Lvl,AllPub,Inside,Gtl,BrkSide,Norm,Norm,1Fam,1.5Fin,6,4,1915,2004,Gable,CompShg,VinylSd,VinylSd,,0.0,TA,Gd,BrkTil,TA,TA,No,Unf,0.0,Unf,0.0,810.0,810.0,GasA,Ex,Y,SBrkr,1170,546,0,1716,0.0,0.0,2,0,4,1,Gd,8,Typ,0,,Detchd,1970.0,Unf,2.0,672.0,TA,TA,Y,0,195,0,0,0,0,,,,0,3,2008,WD,Normal,154318.52
666,2127,60,RM,57.0,8094,Pave,Grvl,Reg,Lvl,AllPub,Inside,Gtl,OldTown,Norm,Norm,2fmCon,2.5Unf,6,8,1910,1983,Gable,CompShg,Wd Sdng,Wd Sdng,,0.0,TA,TA,PConc,TA,TA,Mn,Rec,196.0,Unf,0.0,1046.0,1242.0,GasA,Gd,Y,SBrkr,1242,742,0,1984,0.0,0.0,2,0,5,1,TA,8,Typ,0,,Detchd,,,1.0,360.0,,,Y,64,0,180,0,0,0,,MnPrv,Shed,1000,9,2008,WD,Normal,142480.68
667,2128,50,RM,63.0,4347,Pave,,Reg,Lvl,AllPub,Inside,Gtl,OldTown,Norm,Norm,1Fam,1.5Fin,6,8,1910,1950,Gambrel,CompShg,MetalSd,MetalSd,,0.0,Gd,TA,BrkTil,Gd,Gd,No,Unf,0.0,Unf,0.0,796.0,796.0,GasA,Ex,Y,SBrkr,825,784,0,1609,0.0,0.0,1,0,3,1,TA,7,Typ,0,,Detchd,1910.0,Unf,1.0,228.0,Fa,Fa,N,0,182,0,0,0,0,,,,0,6,2008,WD,Normal,134518.74
668,2129,30,RM,,6291,Grvl,,IR1,Lvl,AllPub,Inside,Gtl,IDOTRR,RRNe,Norm,1Fam,1Story,6,6,1930,1950,Gable,CompShg,Stucco,Wd Shng,,0.0,Gd,Gd,BrkTil,TA,TA,No,Unf,0.0,Unf,0.0,768.0,768.0,GasA,TA,Y,SBrkr,768,0,0,768,0.0,0.0,1,0,1,1,TA,4,Typ,0,,Detchd,1930.0,Unf,2.0,440.0,TA,TA,N,0,0,84,0,0,0,,,,0,7,2008,WD,Normal,107652.75
669,2130,70,RM,60.0,10266,Pave,,Reg,Lvl,AllPub,Inside,Gtl,IDOTRR,Norm,Norm,1Fam,2Story,6,6,1952,1952,Gable,CompShg,MetalSd,MetalSd,,0.0,TA,TA,CBlock,TA,TA,No,Rec,372.0,Unf,0.0,396.0,768.0,GasA,TA,Y,FuseA,768,768,0,1536,0.0,0.0,1,1,4,1,TA,7,Typ,0,,Detchd,1952.0,Unf,1.0,308.0,TA,TA,Y,0,216,80,0,0,0,,,,0,5,2008,COD,Abnorml,138306.57
670,2131,50,RM,60.0,6876,Pave,,Reg,Bnk,AllPub,Inside,Gtl,IDOTRR,Norm,Norm,1Fam,1.5Fin,6,6,1938,1958,Gable,CompShg,Wd Sdng,Wd Sdng,,0.0,TA,TA,BrkTil,TA,TA,No,Unf,0.0,Unf,0.0,1272.0,1272.0,GasA,TA,Y,SBrkr,1272,0,697,1969,0.0,0.0,2,0,4,1,TA,9,Min1,1,Gd,Detchd,1938.0,Unf,2.0,400.0,TA,TA,Y,0,34,0,0,0,0,,,,0,11,2008,COD,Normal,156520.425
671,2132,50,RM,,10320,Pave,Grvl,Reg,Lvl,AllPub,Inside,Gtl,IDOTRR,Norm,Norm,1Fam,1.5Fin,5,6,1915,1978,Gable,CompShg,HdBoard,HdBoard,,0.0,TA,Fa,BrkTil,TA,Fa,No,Unf,0.0,Unf,0.0,880.0,880.0,GasA,Gd,Y,SBrkr,880,428,0,1308,0.0,0.0,2,0,2,1,TA,6,Typ,0,,Detchd,1950.0,Unf,2.0,400.0,Fa,Fa,Y,0,0,117,0,0,0,,,,0,4,2008,WD,Normal,120381.25
672,2133,30,RM,60.0,7200,Pave,,Reg,Lvl,AllPub,Corner,Gtl,IDOTRR,Norm,Norm,1Fam,1Story,6,7,1925,1992,Gable,CompShg,VinylSd,VinylSd,,0.0,TA,TA,CBlock,TA,TA,No,Unf,0.0,Unf,0.0,1040.0,1040.0,GasA,Gd,Y,SBrkr,1040,0,0,1040,0.0,0.0,1,0,2,1,TA,5,Typ,0,,Detchd,1993.0,Unf,2.0,320.0,TA,TA,Y,0,132,0,0,0,0,,,,0,7,2008,WD,Normal,124442.11
673,2134,50,RM,62.0,7006,Pave,,Reg,Lvl,AllPub,Inside,Gtl,IDOTRR,Norm,Norm,1Fam,1.5Fin,6,6,1925,1950,Gable,CompShg,Stucco,Stucco,,0.0,TA,TA,PConc,TA,TA,No,Rec,121.0,Unf,0.0,647.0,768.0,GasA,TA,Y,SBrkr,788,448,0,1236,1.0,0.0,2,0,3,1,TA,6,Typ,1,Gd,Detchd,1985.0,Unf,1.0,384.0,TA,TA,Y,0,0,0,0,0,0,,MnPrv,,0,8,2008,WD,Family,128714.84
674,2135,30,RM,60.0,10320,Pave,,Reg,Lvl,AllPub,Inside,Gtl,IDOTRR,RRNe,Norm,1Fam,1Story,5,8,1912,1991,Gable,CompShg,Wd Sdng,Wd Sdng,,0.0,TA,TA,BrkTil,Fa,TA,No,Unf,0.0,Unf,0.0,451.0,451.0,GasA,TA,Y,SBrkr,759,0,0,759,0.0,0.0,1,0,1,1,TA,5,Typ,0,,Detchd,1997.0,Unf,2.0,576.0,TA,TA,N,40,0,0,0,0,0,,,,0,8,2008,ConLD,Family,112880.195
675,2136,190,RM,60.0,10320,Pave,Grvl,Reg,Lvl,AllPub,Inside,Gtl,IDOTRR,Norm,Norm,2fmCon,2Story,3,3,1915,1950,Gable,CompShg,AsphShn,AsphShn,,0.0,Fa,Fa,PConc,TA,Fa,No,Unf,0.0,Unf,0.0,536.0,536.0,GasA,Ex,N,FuseF,808,536,0,1344,0.0,0.0,2,0,3,2,TA,8,Typ,0,,,,,0.0,0.0,,,N,42,0,204,0,0,0,,,,0,5,2008,WD,Normal,105544.93
676,2137,20,RL,82.0,9488,Pave,,Reg,Lvl,AllPub,Inside,Gtl,Sawyer,Feedr,Norm,1Fam,1Story,5,6,1947,1993,Gable,CompShg,VinylSd,VinylSd,,0.0,Gd,TA,CBlock,TA,TA,No,Unf,0.0,Unf,0.0,1046.0,1046.0,GasA,Gd,N,SBrkr,1054,0,0,1054,0.0,0.0,1,0,3,1,TA,6,Typ,0,,Detchd,1947.0,Unf,1.0,240.0,TA,TA,Y,0,60,122,0,0,0,,,,0,9,2008,WD,Abnorml,125303.82
677,2138,85,RL,,11235,Pave,,Reg,Lvl,AllPub,Corner,Gtl,Sawyer,Feedr,Norm,1Fam,SFoyer,5,6,1963,1963,Gable,CompShg,HdBoard,Wd Sdng,,0.0,TA,TA,CBlock,Gd,TA,Av,ALQ,784.0,Unf,0.0,197.0,981.0,GasA,TA,Y,SBrkr,1075,0,0,1075,1.0,0.0,1,0,3,1,Gd,6,Typ,0,,Detchd,1996.0,Unf,2.0,440.0,TA,TA,Y,64,0,0,0,64,0,,MnPrv,,0,5,2008,WD,Abnorml,141119.135
678,2139,80,RL,80.0,13014,Pave,,Reg,Lvl,AllPub,Inside,Gtl,Sawyer,Norm,Norm,1Fam,SLvl,6,5,1978,1978,Gable,CompShg,HdBoard,Plywood,BrkFace,39.0,TA,TA,CBlock,TA,TA,Av,ALQ,528.0,Unf,0.0,480.0,1008.0,GasA,TA,Y,SBrkr,1096,0,0,1096,1.0,0.0,1,0,3,1,TA,6,Typ,1,Fa,Attchd,1978.0,Unf,2.0,484.0,TA,TA,Y,168,0,0,0,0,0,,,,0,12,2008,WD,Normal,154365.3
679,2140,20,RL,68.0,10265,Pave,,IR1,Lvl,AllPub,Inside,Gtl,Sawyer,Norm,Norm,1Fam,1Story,5,7,1967,2005,Gable,CompShg,HdBoard,HdBoard,,0.0,TA,Fa,CBlock,TA,TA,No,ALQ,758.0,Unf,0.0,234.0,992.0,GasA,Ex,Y,SBrkr,992,0,0,992,1.0,0.0,1,0,3,1,Gd,6,Typ,0,,Attchd,1967.0,RFn,1.0,294.0,TA,TA,Y,204,0,0,0,0,0,,MnPrv,Shed,600,7,2008,WD,Normal,138995.25
680,2141,85,RL,,7703,Pave,,IR1,Lvl,AllPub,CulDSac,Gtl,Sawyer,Norm,Norm,1Fam,SFoyer,6,8,1978,1978,Gable,CompShg,HdBoard,HdBoard,BrkCmn,40.0,TA,TA,CBlock,Gd,TA,Gd,ALQ,450.0,Unf,0.0,0.0,450.0,GasA,Ex,Y,SBrkr,1034,0,0,1034,0.0,1.0,1,0,3,1,TA,6,Typ,1,Po,Basment,1978.0,Fin,2.0,504.0,TA,TA,Y,311,0,0,0,0,0,,GdWo,,0,5,2008,WD,Normal,149711.69
681,2142,20,RL,,9981,Pave,,IR1,Lvl,AllPub,Corner,Gtl,Sawyer,Norm,Norm,1Fam,1Story,5,5,1967,1967,Gable,CompShg,MetalSd,MetalSd,BrkFace,340.0,TA,TA,CBlock,TA,TA,Mn,BLQ,221.0,Unf,0.0,852.0,1073.0,GasA,Gd,Y,SBrkr,1073,0,0,1073,0.0,0.0,1,0,3,1,TA,6,Typ,0,,Attchd,1967.0,RFn,1.0,270.0,TA,TA,Y,0,90,0,0,0,0,,MnPrv,,0,3,2008,WD,Normal,139811.75
682,2143,85,RL,,7400,Pave,,IR1,Lvl,AllPub,CulDSac,Gtl,Sawyer,Norm,Norm,1Fam,SFoyer,5,5,1984,1984,Gable,CompShg,VinylSd,VinylSd,,0.0,TA,TA,PConc,Gd,TA,Av,LwQ,104.0,ALQ,956.0,0.0,1060.0,GasA,TA,Y,SBrkr,1126,0,0,1126,1.0,0.0,1,0,2,1,TA,5,Typ,0,,Attchd,1984.0,Unf,2.0,506.0,TA,TA,Y,178,0,0,0,0,0,,,,0,3,2008,WD,Normal,143300.36
683,2144,190,RL,60.0,12900,Pave,,Reg,Lvl,AllPub,Inside,Gtl,Sawyer,Feedr,Norm,2fmCon,1Story,5,4,1920,1950,Gable,CompShg,BrkFace,Stucco,,0.0,TA,TA,PConc,TA,Fa,No,BLQ,1300.0,Unf,0.0,0.0,1300.0,GasA,Fa,Y,SBrkr,1140,0,0,1140,1.0,0.0,1,0,3,1,TA,6,Typ,0,,CarPort,1920.0,Unf,2.0,400.0,TA,TA,Y,0,0,190,0,0,0,,,,0,1,2008,WD,Alloca,136739.87
684,2145,20,RL,94.0,9239,Pave,,Reg,Lvl,AllPub,Inside,Gtl,Sawyer,Feedr,Norm,1Fam,1Story,5,8,1963,2003,Gable,CompShg,VinylSd,VinylSd,,0.0,TA,Gd,CBlock,TA,TA,No,GLQ,634.0,Unf,0.0,326.0,960.0,GasA,Ex,Y,SBrkr,960,0,0,960,1.0,0.0,1,0,3,1,Gd,6,Typ,0,,Attchd,1963.0,Fin,1.0,300.0,TA,TA,Y,168,0,0,0,0,0,,,,0,5,2008,WD,Normal,137480.0
685,2146,20,RL,88.0,14175,Pave,,Reg,Lvl,AllPub,Inside,Gtl,Sawyer,PosA,Norm,1Fam,1Story,6,8,1956,1956,Gable,CompShg,HdBoard,HdBoard,,0.0,TA,TA,CBlock,TA,Gd,Gd,GLQ,776.0,Unf,0.0,212.0,988.0,GasA,TA,Y,FuseA,1188,0,0,1188,1.0,0.0,1,0,1,1,TA,4,Typ,1,TA,Attchd,1956.0,Unf,2.0,621.0,TA,TA,Y,102,89,231,0,0,0,,,,0,6,2008,WD,Normal,154177.915
686,2147,190,RL,,10532,Pave,,Reg,Lvl,AllPub,Corner,Gtl,ClearCr,Norm,Norm,1Fam,1Story,5,3,1960,1960,Flat,Tar&Grv,Plywood,Plywood,Stone,275.0,TA,TA,CBlock,TA,TA,Mn,Rec,988.0,Unf,0.0,0.0,988.0,GasA,Gd,Y,SBrkr,1721,0,0,1721,1.0,0.0,2,0,3,1,TA,7,Mod,2,TA,Basment,1960.0,Unf,2.0,626.0,TA,TA,Y,50,84,0,0,0,0,,,,0,12,2008,WD,Abnorml,168350.81
687,2148,50,RL,63.0,8375,Pave,,Reg,Lvl,AllPub,Corner,Gtl,Sawyer,Norm,Norm,1Fam,1.5Fin,5,7,1941,1973,Gable,CompShg,Wd Sdng,Wd Sdng,,0.0,TA,TA,BrkTil,TA,TA,No,ALQ,336.0,Unf,0.0,240.0,576.0,GasA,Gd,Y,SBrkr,864,486,0,1350,1.0,0.0,1,1,2,1,Gd,6,Min1,0,,2Types,1973.0,Unf,3.0,627.0,TA,TA,N,0,0,0,0,0,0,,MnPrv,,0,6,2008,WD,Normal,133157.08
688,2149,80,RL,,10200,Pave,,Reg,Lvl,AllPub,Inside,Gtl,Sawyer,Norm,Norm,1Fam,SLvl,5,8,1970,1970,Hip,CompShg,HdBoard,HdBoard,,0.0,TA,Gd,PConc,Gd,TA,Av,ALQ,704.0,Unf,0.0,160.0,864.0,GasA,Ex,Y,SBrkr,904,0,0,904,0.0,0.0,1,0,3,1,Gd,5,Typ,0,,2Types,1979.0,Unf,3.0,912.0,TA,TA,Y,143,0,0,0,0,0,,MnPrv,,0,6,2008,WD,Normal,152474.275
689,2150,20,RL,82.0,20270,Pave,,IR1,Lvl,AllPub,CulDSac,Gtl,ClearCr,Norm,Norm,1Fam,1Story,7,6,1979,1979,Gable,CompShg,Plywood,Plywood,,0.0,TA,TA,CBlock,Gd,TA,Gd,GLQ,599.0,Unf,0.0,925.0,1524.0,GasA,TA,Y,SBrkr,1524,0,0,1524,1.0,0.0,2,0,3,1,TA,7,Typ,2,Gd,Attchd,1979.0,Fin,2.0,478.0,TA,TA,Y,140,0,0,0,0,0,,,,0,4,2008,WD,Normal,191584.805
690,2151,50,RL,50.0,5190,Pave,,Reg,Lvl,AllPub,Inside,Gtl,Edwards,Norm,Norm,1Fam,1.5Fin,7,5,1948,1950,Gable,CompShg,BrkFace,Plywood,,0.0,TA,TA,CBlock,TA,TA,No,Unf,0.0,Unf,0.0,570.0,570.0,GasA,TA,Y,SBrkr,617,462,0,1079,0.0,0.0,1,0,2,1,TA,5,Typ,1,Gd,Attchd,1948.0,Unf,1.0,249.0,TA,TA,Y,135,0,0,0,0,0,,,,0,1,2008,WD,Normal,124641.495
691,2152,30,RL,85.0,19550,Pave,,Reg,Lvl,AllPub,Inside,Gtl,Edwards,Norm,Norm,1Fam,1Story,5,7,1940,2007,Flat,Tar&Grv,,,,0.0,TA,TA,PConc,TA,TA,Gd,ALQ,1035.0,Unf,0.0,545.0,1580.0,GasA,Ex,Y,SBrkr,1518,0,0,1518,1.0,0.0,1,0,2,1,Fa,5,Typ,2,Gd,,,,0.0,0.0,,,Y,0,39,0,0,0,0,,,,0,1,2008,WD,Normal,167372.135
692,2153,20,RL,68.0,9571,Pave,,Reg,Lvl,AllPub,Inside,Gtl,Edwards,Norm,Norm,1Fam,1Story,5,6,1956,1956,Hip,CompShg,Wd Sdng,Wd Sdng,,0.0,TA,TA,CBlock,TA,TA,Av,Rec,870.0,Unf,0.0,639.0,1509.0,GasA,TA,Y,FuseA,1509,0,0,1509,1.0,0.0,1,0,3,1,Gd,6,Typ,1,TA,Attchd,1956.0,Unf,1.0,322.0,TA,TA,Y,158,0,0,0,576,0,,MnPrv,,0,7,2008,WD,Normal,164279.935
693,2154,90,RL,50.0,9350,Pave,,Reg,Lvl,AllPub,Inside,Gtl,Edwards,Norm,Norm,Duplex,SFoyer,5,5,1975,1975,Gable,CompShg,HdBoard,HdBoard,,0.0,TA,TA,PConc,Gd,TA,Av,GLQ,864.0,Unf,0.0,0.0,864.0,GasA,Fa,N,SBrkr,864,0,0,864,1.0,0.0,1,0,2,1,TA,4,Typ,0,,,,,0.0,0.0,,,Y,0,0,0,0,0,0,,,,0,4,2008,WD,Normal,107012.75
694,2155,60,RL,50.0,9360,Pave,,Reg,Lvl,AllPub,Corner,Gtl,Edwards,Norm,Norm,1Fam,2Story,6,8,1962,2001,Gable,CompShg,VinylSd,VinylSd,BrkCmn,216.0,Gd,TA,CBlock,TA,TA,No,Rec,324.0,Unf,0.0,297.0,621.0,GasA,TA,Y,SBrkr,621,648,0,1269,0.0,0.0,1,1,3,1,TA,7,Typ,0,,Detchd,1962.0,Unf,1.0,280.0,TA,TA,Y,0,236,0,0,0,0,,GdWo,,0,11,2008,WD,Normal,137974.2
695,2156,60,RL,,9771,Pave,,IR3,Lvl,AllPub,Corner,Gtl,SawyerW,Norm,Norm,1Fam,2Story,6,5,1995,2002,Gable,CompShg,HdBoard,HdBoard,BrkFace,190.0,Gd,TA,PConc,Gd,TA,No,LwQ,779.0,Unf,0.0,298.0,1077.0,GasA,Ex,Y,SBrkr,1093,1721,0,2814,0.0,1.0,2,1,4,1,Gd,9,Typ,1,TA,BuiltIn,1995.0,Fin,2.0,614.0,TA,TA,Y,48,32,0,0,216,0,,GdPrv,,0,6,2008,WD,Normal,246507.85
696,2157,20,RL,80.0,9938,Pave,,Reg,Lvl,AllPub,Inside,Gtl,SawyerW,Norm,Norm,1Fam,1Story,7,5,1994,1994,Gable,CompShg,HdBoard,HdBoard,BrkFace,251.0,Gd,TA,PConc,Gd,TA,No,GLQ,1271.0,Unf,0.0,331.0,1602.0,GasA,Ex,Y,SBrkr,1626,0,0,1626,1.0,0.0,2,1,3,1,Gd,7,Typ,1,TA,Attchd,1994.0,RFn,2.0,534.0,TA,TA,Y,424,40,0,0,0,0,,,,0,4,2008,WD,Normal,231243.075
697,2158,60,RL,,14171,Pave,,IR2,Lvl,AllPub,CulDSac,Gtl,SawyerW,Norm,Norm,1Fam,2Story,7,5,1993,1994,Gable,CompShg,VinylSd,VinylSd,,0.0,Gd,TA,PConc,Gd,TA,No,GLQ,355.0,Unf,0.0,457.0,812.0,GasA,Ex,Y,SBrkr,1101,1099,0,2200,0.0,0.0,2,1,4,1,Gd,9,Typ,1,TA,Attchd,1993.0,RFn,2.0,453.0,TA,TA,Y,168,98,0,0,0,0,,,,0,12,2008,WD,Normal,235974.965
698,2159,80,RL,85.0,10541,Pave,,IR1,Lvl,AllPub,Corner,Gtl,SawyerW,Norm,Norm,1Fam,SLvl,7,5,1996,1996,Gable,CompShg,VinylSd,VinylSd,,0.0,Gd,TA,PConc,Gd,TA,Av,Unf,0.0,Unf,0.0,672.0,672.0,GasA,Ex,Y,SBrkr,1302,735,0,2037,0.0,0.0,2,1,3,1,Gd,8,Typ,1,TA,Attchd,1996.0,Fin,2.0,472.0,TA,TA,Y,100,33,0,0,0,0,,,,0,2,2008,WD,Normal,202625.285
699,2160,60,RL,65.0,10616,Pave,,IR1,Lvl,AllPub,Inside,Gtl,CollgCr,Norm,Norm,1Fam,2Story,7,5,2007,2007,Gable,CompShg,VinylSd,VinylSd,,0.0,Gd,TA,PConc,Gd,TA,No,Unf,0.0,Unf,0.0,628.0,628.0,GasA,Ex,Y,SBrkr,628,728,0,1356,0.0,0.0,2,1,3,1,Gd,6,Typ,1,Gd,BuiltIn,2007.0,Fin,2.0,484.0,TA,TA,Y,100,24,0,0,0,0,,,,0,3,2008,New,Partial,179490.325
700,2161,20,RL,65.0,9345,Pave,,IR1,Lvl,AllPub,Inside,Gtl,CollgCr,Norm,Norm,1Fam,1Story,8,5,2007,2007,Gable,CompShg,VinylSd,VinylSd,Stone,156.0,Gd,TA,PConc,Gd,TA,Av,Unf,0.0,Unf,0.0,1615.0,1615.0,GasA,Ex,Y,SBrkr,1615,0,0,1615,0.0,0.0,2,0,3,1,Gd,7,Typ,1,Gd,Attchd,2007.0,RFn,3.0,864.0,TA,TA,Y,168,30,0,0,0,0,,,,0,5,2008,WD,Normal,248364.85
701,2162,20,RL,91.0,11778,Pave,,Reg,Lvl,AllPub,Inside,Gtl,CollgCr,Norm,Norm,1Fam,1Story,9,5,2008,2008,Hip,CompShg,VinylSd,VinylSd,Stone,554.0,Gd,TA,PConc,Gd,TA,Gd,GLQ,2085.0,Unf,0.0,186.0,2271.0,GasA,Ex,Y,SBrkr,2276,0,0,2276,1.0,0.0,2,0,3,1,Ex,7,Typ,2,Gd,Attchd,2008.0,RFn,3.0,1348.0,Gd,TA,Y,0,0,70,0,255,0,,,,0,6,2008,WD,Abnorml,370549.205
702,2163,20,RL,91.0,11778,Pave,,Reg,Lvl,AllPub,Inside,Gtl,CollgCr,PosN,Norm,1Fam,1Story,9,5,2008,2008,Hip,CompShg,VinylSd,VinylSd,Stone,402.0,Ex,TA,PConc,Ex,TA,Av,GLQ,1153.0,Unf,0.0,598.0,1751.0,GasA,Ex,Y,SBrkr,1766,0,0,1766,1.0,0.0,2,1,3,1,Ex,8,Typ,2,Gd,Attchd,2008.0,Fin,3.0,874.0,TA,TA,Y,216,36,0,0,0,0,,,,0,12,2008,New,Partial,352734.565
703,2164,80,RL,,11454,Pave,,IR2,Lvl,AllPub,Corner,Gtl,SawyerW,Norm,Norm,1Fam,SLvl,8,5,1995,1995,Gable,CompShg,VinylSd,VinylSd,BrkFace,302.0,Gd,TA,PConc,Gd,TA,Gd,GLQ,770.0,Unf,0.0,631.0,1401.0,GasA,Ex,Y,SBrkr,1511,0,0,1511,1.0,0.0,2,0,3,1,Gd,6,Typ,1,Fa,Attchd,1995.0,Fin,3.0,811.0,TA,TA,Y,168,42,0,0,0,0,,,,0,2,2008,WD,Normal,256602.63
704,2165,20,RL,,11500,Pave,,IR1,Bnk,AllPub,CulDSac,Gtl,ClearCr,Norm,Norm,1Fam,1Story,6,6,1966,1966,Flat,Tar&Grv,Plywood,Plywood,,0.0,TA,TA,CBlock,Gd,Gd,Gd,LwQ,262.0,ALQ,723.0,197.0,1182.0,GasA,Ex,Y,SBrkr,1643,0,0,1643,1.0,0.0,2,0,2,1,TA,6,Typ,1,Gd,Attchd,1966.0,Unf,2.0,438.0,TA,TA,Y,339,0,0,0,0,0,,,,0,3,2008,WD,Normal,181609.18
705,2166,20,RL,65.0,9750,Pave,,Reg,Low,AllPub,Inside,Mod,CollgCr,Norm,Norm,1Fam,1Story,5,7,1994,1994,Gable,CompShg,VinylSd,VinylSd,,0.0,TA,TA,PConc,Gd,TA,No,GLQ,722.0,Unf,0.0,268.0,990.0,GasA,Ex,Y,SBrkr,990,0,0,990,1.0,0.0,1,0,3,1,TA,5,Typ,0,,Detchd,1997.0,Unf,2.0,528.0,TA,TA,Y,168,0,0,0,0,0,,,,0,8,2008,WD,Normal,146673.875
706,2167,20,RL,,8696,Pave,,IR1,Lvl,AllPub,Inside,Gtl,CollgCr,Norm,Norm,1Fam,1Story,7,5,1997,1998,Gable,CompShg,VinylSd,VinylSd,BrkFace,150.0,TA,TA,PConc,Gd,TA,Gd,GLQ,1308.0,Unf,0.0,110.0,1418.0,GasA,Ex,Y,SBrkr,1418,0,0,1418,1.0,0.0,2,0,3,1,Gd,5,Typ,1,TA,Attchd,1997.0,RFn,2.0,558.0,TA,TA,Y,208,110,0,0,0,0,,,,0,5,2008,WD,Normal,213203.88
707,2168,60,RL,,13142,Pave,,IR1,Lvl,AllPub,Corner,Gtl,CollgCr,PosN,Norm,1Fam,2Story,6,5,1997,1997,Gable,CompShg,VinylSd,VinylSd,BrkFace,128.0,TA,TA,PConc,Gd,TA,No,GLQ,688.0,Unf,0.0,176.0,864.0,GasA,Ex,Y,SBrkr,872,899,0,1771,1.0,0.0,2,1,3,1,Gd,6,Typ,0,,Attchd,1997.0,RFn,2.0,600.0,TA,TA,Y,0,96,0,0,0,0,,,,0,7,2008,WD,Normal,205259.875
708,2169,60,RL,68.0,8998,Pave,,IR1,Lvl,AllPub,Inside,Gtl,CollgCr,Norm,Norm,1Fam,2Story,7,5,2000,2000,Gable,CompShg,VinylSd,VinylSd,BrkFace,120.0,Gd,TA,PConc,Gd,TA,Mn,GLQ,527.0,Unf,0.0,255.0,782.0,GasA,Ex,Y,SBrkr,782,870,0,1652,0.0,0.0,2,1,3,1,Gd,6,Typ,0,,Attchd,2000.0,RFn,2.0,532.0,TA,TA,Y,0,70,0,0,0,0,,,,0,6,2008,WD,Normal,200958.055
709,2170,60,RL,75.0,12192,Pave,,IR1,Lvl,AllPub,Inside,Gtl,CollgCr,Norm,Norm,1Fam,2Story,7,5,2000,2001,Gable,CompShg,VinylSd,VinylSd,,0.0,Gd,TA,PConc,Gd,TA,No,GLQ,663.0,Unf,0.0,265.0,928.0,GasA,Ex,Y,SBrkr,928,895,0,1823,1.0,0.0,2,1,3,1,Gd,6,Typ,0,,Attchd,2000.0,RFn,2.0,626.0,TA,TA,Y,192,36,0,0,0,0,,,Shed,4500,5,2008,WD,Normal,215081.875
710,2171,20,RL,,12250,Pave,,IR1,Lvl,AllPub,Inside,Gtl,CollgCr,Norm,Norm,1Fam,1Story,5,6,1978,1978,Gable,CompShg,HdBoard,HdBoard,BrkFace,180.0,TA,TA,CBlock,Gd,TA,Mn,ALQ,781.0,Unf,0.0,83.0,864.0,GasA,Ex,Y,SBrkr,1174,0,0,1174,1.0,0.0,1,0,3,1,TA,5,Typ,0,,Attchd,1978.0,Unf,2.0,528.0,TA,TA,Y,211,0,280,0,0,0,,,,0,5,2008,WD,Normal,148432.14
711,2172,20,RL,,9216,Pave,,IR1,Lvl,AllPub,Inside,Gtl,CollgCr,Norm,Norm,1Fam,1Story,5,6,1975,1975,Gable,CompShg,HdBoard,HdBoard,BrkFace,176.0,TA,TA,CBlock,TA,TA,Av,ALQ,294.0,Unf,0.0,782.0,1076.0,GasA,TA,Y,SBrkr,1076,0,0,1076,0.0,0.0,1,1,3,1,TA,5,Typ,1,Fa,Detchd,1985.0,Unf,2.0,576.0,TA,TA,Y,0,0,0,0,0,0,,MnPrv,,0,9,2008,WD,Abnorml,140074.485
712,2173,20,RL,40.0,14330,Pave,,IR1,Lvl,AllPub,CulDSac,Gtl,CollgCr,Norm,Norm,1Fam,1Story,5,6,1975,2001,Gable,CompShg,Plywood,Wd Sdng,,0.0,TA,TA,CBlock,TA,TA,No,Rec,88.0,ALQ,596.0,180.0,864.0,GasA,TA,Y,SBrkr,1558,0,0,1558,1.0,0.0,2,0,2,1,TA,5,Min2,0,,Attchd,1975.0,Fin,2.0,440.0,TA,TA,Y,140,0,239,0,227,0,,,,0,8,2008,WD,Normal,159715.28
713,2174,60,RL,,10400,Pave,,Reg,Lvl,AllPub,Inside,Gtl,CollgCr,Norm,Norm,1Fam,2Story,7,5,2001,2001,Gable,CompShg,VinylSd,VinylSd,BrkFace,227.0,Gd,TA,PConc,Gd,TA,No,Unf,0.0,Unf,0.0,1257.0,1257.0,GasA,Ex,Y,SBrkr,1290,871,0,2161,0.0,0.0,2,1,3,1,Gd,8,Typ,1,TA,Attchd,2001.0,RFn,2.0,570.0,TA,TA,Y,0,84,0,0,0,0,,,,0,6,2008,WD,Normal,228488.98
714,2175,60,RL,,9720,Pave,,IR1,Lvl,AllPub,CulDSac,Gtl,CollgCr,Norm,Norm,1Fam,2Story,9,5,2001,2002,Gable,CompShg,VinylSd,VinylSd,BrkFace,134.0,Gd,TA,PConc,Gd,TA,Mn,GLQ,1194.0,Unf,0.0,163.0,1357.0,GasA,Ex,Y,SBrkr,1366,581,0,1947,1.0,0.0,2,1,3,1,Gd,7,Typ,1,TA,BuiltIn,2001.0,Fin,3.0,725.0,TA,TA,Y,168,116,0,0,0,0,,,,0,1,2008,WD,Normal,282664.825
715,2176,20,RL,,14860,Pave,,IR2,Lvl,AllPub,CulDSac,Gtl,CollgCr,Norm,Norm,1Fam,1Story,8,5,2002,2003,Hip,CompShg,VinylSd,VinylSd,BrkFace,240.0,Gd,TA,PConc,Ex,TA,Gd,GLQ,1538.0,Unf,0.0,240.0,1778.0,GasA,Ex,Y,SBrkr,1786,0,0,1786,1.0,0.0,2,0,3,1,Gd,6,Typ,1,Gd,Attchd,2002.0,RFn,3.0,715.0,TA,TA,Y,182,35,0,0,0,0,,,,0,6,2008,WD,Normal,315170.155
716,2177,60,RL,41.0,10905,Pave,,IR2,Lvl,AllPub,CulDSac,Gtl,CollgCr,Norm,Norm,1Fam,2Story,7,5,2003,2003,Gable,CompShg,VinylSd,VinylSd,,0.0,Gd,TA,PConc,Gd,TA,No,Unf,0.0,Unf,0.0,1129.0,1129.0,GasA,Ex,Y,SBrkr,1129,1198,0,2327,0.0,0.0,2,1,4,1,Gd,9,Typ,1,Gd,BuiltIn,2003.0,RFn,2.0,596.0,TA,TA,Y,0,57,0,0,0,0,,,,0,8,2008,WD,Normal,240941.4
717,2178,60,RL,96.0,11690,Pave,,IR1,Lvl,AllPub,Inside,Gtl,CollgCr,Norm,Norm,1Fam,2Story,8,5,1999,2000,Gable,CompShg,VinylSd,VinylSd,BrkFace,192.0,Gd,TA,PConc,Gd,TA,Av,Unf,0.0,Unf,0.0,850.0,850.0,GasA,Ex,Y,SBrkr,886,878,0,1764,0.0,0.0,2,1,3,1,Gd,7,Typ,1,TA,Attchd,1999.0,Unf,2.0,560.0,TA,TA,Y,120,29,0,0,0,0,,,,0,6,2008,WD,Normal,221367.86
718,2179,120,RM,,4426,Pave,,Reg,Lvl,AllPub,Inside,Gtl,CollgCr,Norm,Norm,TwnhsE,1Story,6,5,2004,2004,Gable,CompShg,VinylSd,VinylSd,BrkFace,205.0,Gd,TA,PConc,Gd,TA,Mn,GLQ,662.0,Unf,0.0,186.0,848.0,GasA,Ex,Y,SBrkr,848,0,0,848,1.0,0.0,1,0,1,1,Gd,3,Typ,0,,Attchd,2004.0,RFn,2.0,420.0,TA,TA,Y,140,0,0,0,0,0,,,,0,2,2008,WD,Normal,143316.535
719,2180,90,RM,83.0,10126,Pave,,Reg,Lvl,AllPub,Corner,Gtl,CollgCr,Norm,Norm,Duplex,SFoyer,6,5,1997,1998,Gable,CompShg,VinylSd,VinylSd,,0.0,TA,Gd,PConc,Gd,TA,Gd,GLQ,1593.0,LwQ,162.0,83.0,1838.0,GasA,Ex,Y,SBrkr,1838,0,0,1838,2.0,0.0,2,0,2,2,TA,8,Typ,0,,Attchd,1998.0,Unf,3.0,721.0,TA,TA,Y,160,67,0,0,0,0,,,,0,7,2008,WD,Abnorml,238572.65
720,2181,20,RL,75.0,9750,Pave,,Reg,Lvl,AllPub,Inside,Gtl,CollgCr,Norm,Norm,1Fam,1Story,7,5,2004,2004,Gable,CompShg,VinylSd,VinylSd,Stone,50.0,Gd,TA,PConc,Gd,TA,Mn,GLQ,24.0,Unf,0.0,1421.0,1445.0,GasA,Ex,Y,SBrkr,1445,0,0,1445,0.0,0.0,2,0,3,1,Gd,6,Typ,0,,Attchd,2004.0,Unf,2.0,470.0,TA,TA,Y,0,35,0,0,0,0,,,,0,6,2008,WD,Normal,201654.68
721,2182,20,RL,85.0,11058,Pave,,Reg,Lvl,AllPub,Corner,Gtl,CollgCr,Norm,Norm,1Fam,1Story,7,6,2007,2007,Gable,CompShg,VinylSd,VinylSd,Stone,212.0,Gd,TA,PConc,Gd,TA,No,GLQ,56.0,Unf,0.0,1508.0,1564.0,GasA,Ex,Y,SBrkr,1564,0,0,1564,0.0,0.0,2,0,3,1,Gd,6,Typ,0,,Attchd,2007.0,RFn,3.0,814.0,TA,TA,Y,0,24,0,0,0,0,,,,0,2,2008,WD,Normal,238393.725
722,2183,20,RL,74.0,9627,Pave,,Reg,Lvl,AllPub,Inside,Gtl,CollgCr,Norm,Norm,1Fam,1Story,7,5,2007,2007,Gable,CompShg,VinylSd,VinylSd,,0.0,Gd,TA,PConc,Gd,TA,Av,GLQ,24.0,Unf,0.0,1327.0,1351.0,GasA,Ex,Y,SBrkr,1361,0,0,1361,0.0,0.0,2,0,3,1,Gd,6,Typ,0,,Attchd,2007.0,RFn,2.0,610.0,TA,TA,Y,0,50,0,0,0,0,,,,0,6,2008,WD,Normal,199821.925
723,2184,20,RL,75.0,9825,Pave,,Reg,Lvl,AllPub,Inside,Gtl,Edwards,Norm,Norm,1Fam,1Story,5,5,1966,1966,Hip,CompShg,HdBoard,HdBoard,,0.0,TA,TA,CBlock,TA,TA,No,Rec,609.0,Unf,0.0,483.0,1092.0,GasA,TA,Y,SBrkr,1092,0,0,1092,0.0,0.0,1,0,3,1,TA,6,Typ,0,,Attchd,1966.0,Unf,1.0,264.0,TA,TA,Y,259,0,0,0,161,0,,MnPrv,,0,4,2008,COD,Abnorml,131965.75
724,2185,85,RL,64.0,12102,Pave,,Reg,Lvl,AllPub,Inside,Gtl,Edwards,Norm,Norm,1Fam,SFoyer,5,5,1976,1976,Gable,CompShg,HdBoard,Plywood,BrkFace,222.0,TA,TA,CBlock,Gd,Gd,Gd,ALQ,456.0,Unf,0.0,0.0,456.0,GasA,Ex,Y,SBrkr,1033,0,0,1033,0.0,1.0,1,0,3,1,TA,6,Typ,0,,BuiltIn,1976.0,RFn,2.0,504.0,Fa,TA,Y,224,0,0,0,0,0,,,,0,4,2008,WD,Family,137085.395
725,2186,20,RL,65.0,6500,Pave,,Reg,Lvl,AllPub,Inside,Gtl,Edwards,Norm,Norm,1Fam,1Story,6,6,1976,1976,Hip,CompShg,HdBoard,Plywood,BrkFace,84.0,TA,TA,CBlock,TA,,No,BLQ,1033.0,Unf,0.0,94.0,1127.0,GasA,TA,Y,SBrkr,1127,0,0,1127,0.0,1.0,1,1,3,1,TA,6,Typ,1,Po,Detchd,1991.0,Unf,2.0,480.0,TA,TA,Y,0,0,138,0,0,0,,,,0,5,2008,WD,Normal,145757.085
726,2187,80,RL,,9638,Pave,,IR1,Lvl,AllPub,CulDSac,Gtl,Edwards,Norm,Norm,1Fam,SLvl,6,6,1977,1977,Hip,CompShg,Plywood,Plywood,,0.0,TA,TA,CBlock,TA,TA,Av,ALQ,368.0,Rec,120.0,541.0,1029.0,GasA,TA,Y,SBrkr,1117,0,0,1117,1.0,0.0,1,0,3,1,TA,6,Typ,1,Fa,Attchd,1977.0,RFn,2.0,542.0,TA,TA,Y,292,0,0,0,0,0,,,,0,11,2008,WD,Normal,155171.5
727,2188,60,RL,72.0,7200,Pave,,Reg,Lvl,AllPub,Inside,Gtl,Edwards,Norm,Norm,1Fam,2Story,6,7,1976,2001,Hip,CompShg,Plywood,Plywood,,0.0,TA,TA,CBlock,TA,TA,Av,ALQ,288.0,Unf,0.0,396.0,684.0,GasA,TA,Y,SBrkr,684,714,0,1398,0.0,0.0,1,1,3,1,TA,6,Typ,1,TA,Attchd,1976.0,Fin,2.0,440.0,TA,TA,Y,0,0,0,0,0,0,,MnPrv,,0,2,2008,WD,Normal,154042.145
728,2189,20,RL,123.0,47007,Pave,,IR1,Lvl,AllPub,Inside,Gtl,Edwards,Norm,Norm,1Fam,1Story,5,7,1959,1996,Gable,CompShg,Plywood,Plywood,,0.0,TA,TA,Slab,,,,,0.0,,0.0,0.0,0.0,GasA,TA,Y,SBrkr,3820,0,0,3820,,,3,1,5,1,Ex,11,Typ,2,Gd,Attchd,1959.0,Unf,2.0,624.0,TA,TA,Y,0,372,0,0,0,0,,,,0,7,2008,WD,Normal,224381.04
729,2190,90,RL,65.0,6012,Pave,,Reg,Lvl,AllPub,Corner,Gtl,Edwards,Norm,Norm,Duplex,1Story,4,5,1955,1955,Gable,CompShg,AsbShng,Plywood,,0.0,TA,Fa,PConc,,,,,0.0,,0.0,0.0,0.0,GasA,TA,N,SBrkr,1152,0,0,1152,0.0,0.0,2,0,2,2,TA,6,Typ,0,,,,,0.0,0.0,,,N,0,0,0,0,0,0,,,,0,6,2008,WD,AdjLand,89651.57
730,2191,90,RL,74.0,6845,Pave,,Reg,Lvl,AllPub,Inside,Gtl,Edwards,Norm,Norm,Duplex,1Story,4,5,1955,1955,Gable,CompShg,WdShing,Wd Shng,BrkCmn,58.0,TA,TA,Slab,,,,,0.0,,0.0,0.0,0.0,GasA,TA,N,FuseF,1152,0,0,1152,0.0,0.0,2,0,2,2,TA,6,Typ,0,,,,,0.0,0.0,,,N,0,0,0,0,0,0,,,,0,7,2008,WD,Normal,93365.505
731,2192,190,RL,56.0,6931,Pave,,Reg,Lvl,AllPub,Inside,Gtl,Edwards,Norm,Norm,2fmCon,1Story,4,5,1955,1955,Hip,CompShg,Wd Sdng,Wd Sdng,,0.0,TA,TA,CBlock,TA,TA,Av,ALQ,784.0,Unf,0.0,0.0,784.0,GasA,TA,N,FuseP,784,0,0,784,1.0,0.0,1,0,2,1,TA,4,Typ,0,,,,,0.0,0.0,,,Y,112,0,0,0,0,0,,,,0,5,2008,WD,Normal,99062.75
732,2193,50,RL,60.0,12180,Pave,,Reg,Lvl,AllPub,Inside,Gtl,Edwards,Norm,Norm,1Fam,1.5Fin,5,7,1938,2007,Gable,CompShg,Wd Sdng,Wd Sdng,,0.0,TA,TA,PConc,TA,TA,No,Unf,0.0,Unf,0.0,585.0,585.0,GasA,Gd,Y,FuseF,585,468,0,1053,0.0,0.0,1,1,2,1,Ex,5,Typ,0,,,,,0.0,0.0,,,N,42,0,0,0,0,0,,,,0,1,2008,WD,Family,106940.6
733,2194,50,RL,57.0,8050,Pave,,Reg,Lvl,AllPub,Inside,Gtl,Edwards,Norm,Norm,1Fam,1.5Fin,5,8,1947,1993,Gable,CompShg,MetalSd,MetalSd,,0.0,TA,Gd,Slab,,,,,0.0,,0.0,0.0,0.0,GasA,Gd,Y,SBrkr,929,208,0,1137,0.0,0.0,1,1,4,1,TA,8,Min1,0,,,,,0.0,0.0,,,Y,0,0,0,0,0,0,,,,0,4,2008,WD,Normal,106264.32
734,2195,20,RL,68.0,9520,Pave,,Reg,Bnk,AllPub,Inside,Mod,Edwards,Norm,Norm,1Fam,1Story,4,5,1953,1953,Gable,CompShg,MetalSd,MetalSd,Stone,115.0,TA,TA,CBlock,Gd,TA,No,Rec,767.0,Unf,0.0,144.0,911.0,GasA,TA,Y,SBrkr,930,0,0,930,0.0,0.0,1,0,2,1,TA,5,Typ,0,,Attchd,1953.0,RFn,1.0,286.0,TA,TA,Y,134,0,0,0,0,0,,MnPrv,Gar2,3000,5,2008,WD,Normal,121134.935
735,2196,80,RL,62.0,7692,Pave,,Reg,Bnk,AllPub,Inside,Mod,Edwards,Norm,Norm,1Fam,SLvl,4,6,1954,1954,Gable,CompShg,Wd Sdng,Wd Sdng,,0.0,TA,TA,CBlock,Ex,TA,Av,Unf,0.0,Unf,0.0,416.0,416.0,GasA,Gd,Y,FuseA,1204,0,0,1204,0.0,0.0,1,0,3,1,TA,6,Typ,0,,Basment,1954.0,Unf,1.0,312.0,TA,TA,Y,0,0,0,0,0,0,,,,0,11,2008,WD,Abnorml,119298.91
736,2197,30,RL,67.0,5142,Pave,,Reg,Lvl,AllPub,Inside,Gtl,Edwards,Norm,Norm,1Fam,1.5Fin,4,7,1923,2008,Gable,CompShg,Wd Sdng,Wd Sdng,,0.0,TA,TA,PConc,TA,TA,No,ALQ,224.0,Unf,0.0,725.0,949.0,GasA,TA,Y,SBrkr,949,343,0,1292,0.0,0.0,1,1,3,1,Gd,6,Typ,0,,Detchd,1923.0,Unf,1.0,205.0,TA,TA,N,0,0,183,0,0,0,,,,0,6,2008,WD,Normal,126458.34
737,2198,30,RL,60.0,7290,Pave,,Reg,Lvl,AllPub,Corner,Gtl,SWISU,Norm,Norm,1Fam,1Story,7,8,1921,1950,Gable,CompShg,WdShing,Wd Shng,BrkFace,174.0,TA,TA,BrkTil,TA,TA,No,Unf,0.0,Unf,0.0,1228.0,1228.0,GasA,Ex,Y,SBrkr,1424,0,0,1424,0.0,0.0,2,0,2,1,TA,7,Typ,1,Gd,Attchd,1921.0,Unf,1.0,312.0,TA,TA,Y,0,0,90,0,0,0,,,,0,4,2008,WD,Normal,150041.475
738,2199,90,RL,64.0,7804,Pave,,Reg,Lvl,AllPub,Inside,Gtl,SWISU,Norm,Norm,Duplex,2.5Unf,6,7,1930,1950,Gable,CompShg,Stucco,Stucco,,0.0,TA,TA,BrkTil,TA,TA,No,ALQ,281.0,Rec,679.0,0.0,960.0,GasA,Ex,Y,SBrkr,960,960,0,1920,2.0,0.0,2,2,4,2,TA,10,Typ,2,Gd,Detchd,1930.0,Unf,2.0,480.0,TA,TA,Y,248,0,121,0,0,0,,,,0,7,2008,WD,Abnorml,168325.385
739,2200,70,RL,66.0,8969,Pave,,Reg,Bnk,AllPub,Inside,Gtl,Crawfor,Norm,Norm,1Fam,2Story,6,6,1926,1950,Gambrel,CompShg,Wd Sdng,Wd Sdng,,0.0,TA,TA,BrkTil,TA,TA,No,BLQ,379.0,Unf,0.0,265.0,644.0,GasA,Ex,Y,SBrkr,672,644,0,1316,1.0,0.0,1,0,2,1,TA,6,Typ,1,Gd,Detchd,2001.0,Unf,1.0,369.0,TA,TA,P,0,0,0,0,192,0,,MnPrv,,0,7,2008,WD,Normal,146071.01
740,2201,50,RL,63.0,15564,Pave,,Reg,Lvl,AllPub,Inside,Gtl,Crawfor,Norm,Norm,1Fam,1.5Fin,6,6,1914,1995,Gable,CompShg,Wd Sdng,Wd Shng,,0.0,TA,TA,BrkTil,Gd,TA,No,Unf,0.0,Unf,0.0,676.0,676.0,GasA,Ex,Y,SBrkr,676,588,0,1264,0.0,0.0,1,0,3,1,TA,6,Typ,0,,Detchd,1994.0,Unf,2.0,400.0,TA,TA,Y,424,0,0,0,0,0,,,Shed,400,1,2008,WD,Normal,137715.085
741,2202,70,RL,54.0,7609,Pave,,Reg,Lvl,AllPub,Corner,Gtl,Crawfor,Norm,Norm,1Fam,2Story,8,9,1925,1997,Gable,CompShg,Stucco,Stucco,,0.0,Gd,Gd,PConc,Fa,TA,No,ALQ,406.0,Unf,0.0,392.0,798.0,GasA,Ex,Y,SBrkr,798,714,0,1512,1.0,0.0,2,0,3,1,Gd,7,Typ,1,Gd,Detchd,1925.0,Unf,1.0,180.0,TA,TA,P,85,16,41,0,0,0,,GdPrv,,0,6,2008,WD,Normal,183003.535
742,2203,70,RL,,9650,Pave,,IR1,HLS,AllPub,Corner,Gtl,Crawfor,Norm,Norm,1Fam,2Story,6,3,1923,1950,Hip,CompShg,Wd Sdng,Plywood,,0.0,TA,TA,BrkTil,TA,TA,No,Unf,0.0,Unf,0.0,784.0,784.0,GasA,TA,Y,SBrkr,819,784,0,1603,0.0,0.0,1,0,4,1,TA,7,Typ,1,Gd,Attchd,1980.0,Unf,2.0,599.0,TA,TA,Y,0,217,0,0,0,0,,,,0,6,2008,WD,Normal,169705.175
743,2204,50,RL,,11700,Pave,Grvl,IR1,HLS,AllPub,Inside,Mod,Crawfor,Norm,Norm,1Fam,1.5Fin,5,6,1937,1995,Gable,CompShg,WdShing,Wd Shng,,0.0,TA,TA,CBlock,TA,TA,No,BLQ,606.0,Unf,0.0,336.0,942.0,GasA,Ex,Y,SBrkr,1265,673,0,1938,0.0,0.0,2,0,4,1,Gd,7,Min2,1,Gd,Detchd,1937.0,Unf,1.0,240.0,TA,TA,Y,0,40,0,0,0,0,,,,0,7,2008,WD,Normal,171576.0
744,2205,50,RL,,9260,Pave,Grvl,IR1,HLS,AllPub,Inside,Gtl,Crawfor,Feedr,Norm,1Fam,1.5Fin,5,4,1938,1950,Gable,CompShg,Wd Sdng,Wd Sdng,,0.0,TA,TA,BrkTil,TA,TA,No,Unf,0.0,Unf,0.0,884.0,884.0,GasA,TA,Y,FuseF,932,442,0,1374,0.0,0.0,1,0,3,1,TA,6,Typ,0,,Detchd,1938.0,Unf,1.0,225.0,TA,TA,Y,64,0,0,0,100,0,,,,0,3,2008,WD,Normal,119781.13
745,2206,20,RL,79.0,7801,Pave,,IR1,Lvl,AllPub,Corner,Gtl,Crawfor,Feedr,Norm,1Fam,1Story,6,5,1951,1951,Hip,CompShg,WdShing,Plywood,BrkFace,88.0,TA,Fa,PConc,TA,TA,No,Rec,500.0,Unf,0.0,591.0,1091.0,GasA,Fa,N,FuseA,1091,0,0,1091,0.0,1.0,1,0,2,1,TA,5,Typ,1,TA,Attchd,1951.0,Fin,1.0,344.0,TA,TA,Y,66,105,0,0,221,0,,MnPrv,,0,5,2008,WD,Normal,139487.665
746,2207,70,RL,100.0,9670,Pave,,IR1,HLS,AllPub,Inside,Mod,Crawfor,Norm,Norm,1Fam,2Story,8,6,1935,1950,Gable,CompShg,BrkFace,Stucco,Stone,40.0,TA,TA,PConc,TA,Fa,No,LwQ,210.0,Unf,0.0,398.0,608.0,GasA,TA,Y,SBrkr,983,890,0,1873,0.0,0.0,1,1,4,1,TA,9,Typ,2,Gd,Detchd,1935.0,Fin,2.0,786.0,Fa,TA,Y,0,0,207,0,0,0,,,,0,6,2008,WD,Alloca,215024.115
747,2208,50,RL,70.0,12392,Pave,,Reg,Bnk,AllPub,Inside,Gtl,Crawfor,Norm,Norm,1Fam,1.5Fin,7,9,1950,2000,Gable,CompShg,VinylSd,VinylSd,,0.0,TA,Gd,CBlock,TA,Gd,No,GLQ,435.0,Unf,0.0,397.0,832.0,GasA,Ex,Y,SBrkr,1218,943,0,2161,1.0,0.0,2,1,3,1,Gd,8,Typ,2,TA,Attchd,1994.0,Fin,2.0,506.0,TA,TA,Y,0,96,0,0,0,0,,,,0,4,2008,WD,Normal,205257.74
748,2209,20,RL,56.0,26073,Pave,,IR1,Lvl,AllPub,CulDSac,Gtl,Crawfor,Norm,Norm,1Fam,1Story,5,5,1956,1956,Gable,CompShg,BrkFace,MetalSd,,0.0,TA,TA,PConc,TA,TA,No,Rec,1116.0,Unf,0.0,782.0,1898.0,GasA,Ex,Y,FuseA,1898,0,0,1898,0.0,0.0,2,1,3,1,TA,7,Typ,2,TA,Attchd,1956.0,Unf,2.0,484.0,TA,TA,Y,0,51,224,0,0,0,,MnPrv,,0,4,2008,WD,Normal,206041.725
749,2210,160,RM,24.0,1879,Pave,,Reg,Lvl,AllPub,CulDSac,Gtl,Blueste,Norm,Norm,Twnhs,2Story,6,6,1980,1980,Gable,CompShg,MetalSd,MetalSd,,0.0,TA,TA,CBlock,Gd,TA,No,GLQ,366.0,Unf,0.0,150.0,516.0,GasA,TA,Y,SBrkr,516,516,0,1032,0.0,0.0,1,0,2,1,TA,5,Typ,1,TA,Detchd,1980.0,Unf,2.0,462.0,TA,TA,Y,213,0,0,0,0,0,,GdPrv,,0,12,2008,WD,Normal,128730.93
750,2211,30,RM,50.0,7000,Pave,,Reg,Lvl,AllPub,Inside,Gtl,IDOTRR,Norm,Norm,1Fam,1Story,6,8,1926,1998,Gable,CompShg,VinylSd,VinylSd,,0.0,TA,Gd,BrkTil,TA,TA,No,Rec,299.0,GLQ,40.0,555.0,894.0,GasA,TA,Y,SBrkr,919,0,0,919,1.0,0.0,1,0,2,1,TA,5,Typ,0,,Detchd,1926.0,Unf,1.0,195.0,TA,TA,P,0,0,116,0,0,0,,MnPrv,,0,7,2008,WD,Normal,117245.92
751,2212,50,RM,60.0,6000,Pave,,Reg,Lvl,AllPub,Inside,Gtl,IDOTRR,Norm,Norm,1Fam,1.5Fin,6,8,1940,2006,Gable,CompShg,VinylSd,VinylSd,,0.0,TA,TA,CBlock,Fa,TA,No,Unf,0.0,Unf,0.0,720.0,720.0,GasA,Gd,Y,SBrkr,760,330,0,1090,0.0,0.0,1,0,3,1,TA,5,Typ,0,,Detchd,1940.0,Unf,1.0,240.0,TA,TA,Y,0,0,0,0,0,0,,,,0,7,2008,WD,Normal,118320.73
752,2213,50,RM,58.0,8155,Pave,,Reg,Lvl,AllPub,Inside,Gtl,IDOTRR,Norm,Norm,1Fam,1.5Fin,5,7,1930,1950,Gable,CompShg,Wd Sdng,Wd Sdng,,0.0,TA,TA,CBlock,Gd,TA,No,Unf,0.0,Unf,0.0,780.0,780.0,GasA,Gd,Y,FuseA,780,420,0,1200,0.0,0.0,1,0,4,1,TA,7,Typ,0,,,,,0.0,0.0,,,Y,0,0,96,0,0,0,,,,0,7,2008,WD,Normal,100709.5
753,2214,80,RM,75.0,6000,Pave,,Reg,Lvl,AllPub,Inside,Gtl,IDOTRR,Norm,Norm,1Fam,SLvl,5,5,1967,1967,Hip,CompShg,HdBoard,Plywood,,0.0,Fa,TA,CBlock,Gd,TA,Mn,Rec,257.0,Unf,0.0,367.0,624.0,GasA,Ex,Y,SBrkr,1092,564,0,1656,0.0,0.0,1,1,3,1,TA,7,Mod,1,Po,Attchd,1967.0,Unf,1.0,288.0,TA,TA,Y,0,180,0,0,100,0,,MnPrv,,0,7,2008,WD,Normal,147738.205
754,2215,30,RM,60.0,7392,Pave,,Reg,Lvl,AllPub,Inside,Gtl,IDOTRR,Norm,Norm,1Fam,1Story,5,7,1930,1995,Gable,CompShg,Wd Sdng,Wd Sdng,,0.0,TA,TA,BrkTil,TA,TA,No,Unf,0.0,Unf,0.0,520.0,520.0,GasA,TA,Y,FuseA,912,0,0,912,0.0,0.0,1,0,2,1,TA,5,Typ,0,,Detchd,1934.0,RFn,1.0,360.0,TA,TA,Y,0,90,0,0,0,0,,,,0,5,2008,WD,Normal,115714.375
755,2216,50,RM,75.0,9000,Pave,,Reg,Lvl,AllPub,Inside,Gtl,IDOTRR,Norm,Norm,1Fam,1.5Fin,5,5,1958,1958,Gable,CompShg,WdShing,Wd Shng,BrkFace,162.0,TA,TA,CBlock,TA,TA,No,ALQ,330.0,Unf,0.0,821.0,1151.0,GasA,Gd,Y,FuseA,1151,804,0,1955,0.0,0.0,2,0,4,1,TA,7,Typ,0,,Attchd,1958.0,Fin,1.0,356.0,TA,TA,Y,0,0,0,0,0,0,,,,0,1,2008,WD,Normal,144619.375
756,2217,20,,80.0,14584,Pave,,Reg,Low,AllPub,Inside,Mod,IDOTRR,Norm,Norm,1Fam,1Story,1,5,1952,1952,Gable,CompShg,AsbShng,VinylSd,,0.0,Fa,Po,Slab,,,,,0.0,,0.0,0.0,0.0,Wall,Po,N,FuseA,733,0,0,733,0.0,0.0,1,0,2,1,Fa,4,,0,,Attchd,1952.0,Unf,2.0,487.0,Fa,Po,N,0,0,0,0,0,0,,,,0,2,2008,WD,Abnorml,100336.585
757,2218,70,C (all),60.0,5280,Pave,,Reg,Lvl,AllPub,Corner,Gtl,IDOTRR,Feedr,Norm,1Fam,2Story,4,7,1895,1950,Gable,CompShg,Wd Sdng,Wd Sdng,,0.0,TA,TA,Stone,,Fa,No,Unf,0.0,Unf,0.0,173.0,173.0,GasA,Ex,N,SBrkr,825,536,0,1361,0.0,0.0,1,0,2,1,TA,6,Typ,0,,Detchd,1895.0,Unf,1.0,185.0,Fa,TA,Y,0,123,0,0,0,0,,,,0,7,2008,WD,Normal,103612.505
758,2219,50,C (all),52.0,5150,Pave,,Reg,Lvl,AllPub,Corner,Gtl,IDOTRR,Feedr,Norm,1Fam,1.5Fin,4,7,1910,2000,Gable,CompShg,Plywood,Plywood,,0.0,TA,TA,PConc,,TA,No,Unf,0.0,Unf,0.0,356.0,356.0,GasA,TA,N,FuseA,671,378,0,1049,0.0,0.0,1,0,2,1,TA,5,Typ,0,,Detchd,1910.0,Unf,1.0,195.0,Po,Fa,N,0,0,0,0,0,0,,,,0,5,2008,WD,Normal,98074.83
759,2220,70,C (all),60.0,9000,Grvl,,Reg,Bnk,AllPub,Inside,Gtl,IDOTRR,Norm,Norm,1Fam,2Story,4,6,1920,1950,Gable,CompShg,MetalSd,MetalSd,,0.0,TA,TA,Stone,Fa,Fa,Mn,Unf,0.0,Unf,0.0,592.0,592.0,GasA,Ex,Y,SBrkr,432,432,0,864,0.0,0.0,1,1,3,1,Fa,5,Min2,0,,Detchd,1920.0,Unf,1.0,216.0,Fa,Fa,N,0,30,160,0,0,0,,,,0,6,2008,WD,Normal,106718.935
760,2221,120,RM,44.0,3843,Pave,,IR1,HLS,AllPub,Inside,Mod,Crawfor,Norm,Norm,TwnhsE,1Story,8,5,2007,2008,Hip,CompShg,CemntBd,CmentBd,Stone,186.0,Ex,TA,PConc,Ex,TA,Gd,GLQ,1476.0,Unf,0.0,120.0,1596.0,GasA,Ex,Y,SBrkr,1648,0,0,1648,1.0,1.0,2,0,2,1,Ex,5,Typ,1,Gd,Attchd,2007.0,Fin,2.0,525.0,TA,TA,Y,162,53,0,153,0,0,,,,0,8,2008,New,Partial,323149.7
761,2222,120,RM,44.0,3811,Pave,,IR1,HLS,AllPub,Inside,Mod,Crawfor,Norm,Norm,TwnhsE,1Story,7,5,2004,2005,Hip,CompShg,CemntBd,CmentBd,Stone,174.0,Gd,TA,PConc,Ex,TA,Gd,GLQ,1474.0,Unf,0.0,120.0,1594.0,GasA,Ex,Y,SBrkr,1646,0,0,1646,1.0,1.0,2,0,2,1,Ex,5,Typ,1,Gd,Attchd,2004.0,Fin,2.0,482.0,TA,TA,Y,128,53,0,0,155,0,,,,0,7,2008,WD,Normal,265641.515
762,2223,20,RL,,23730,Pave,,IR2,Lvl,AllPub,Inside,Gtl,Mitchel,Norm,Norm,1Fam,1Story,7,5,1996,1997,Gable,CompShg,MetalSd,MetalSd,BrkFace,668.0,Gd,TA,PConc,Ex,TA,Mn,GLQ,700.0,Unf,0.0,1140.0,1840.0,GasA,Ex,Y,SBrkr,2032,0,0,2032,1.0,0.0,3,0,3,1,Gd,7,Typ,0,,Attchd,1996.0,Fin,3.0,786.0,TA,TA,Y,0,46,192,0,0,0,,,,0,9,2008,WD,Normal,292791.91
763,2224,60,RL,,11050,Pave,,Reg,Lvl,AllPub,Inside,Gtl,Mitchel,Norm,Norm,1Fam,2Story,7,5,1996,1997,Gable,CompShg,VinylSd,VinylSd,,0.0,TA,TA,PConc,Gd,TA,Mn,Unf,0.0,Unf,0.0,910.0,910.0,GasA,Ex,Y,SBrkr,910,910,0,1820,0.0,0.0,2,1,3,1,Gd,8,Typ,1,TA,Attchd,1996.0,Unf,3.0,816.0,TA,TA,Y,318,32,0,0,0,0,,,,0,9,2008,WD,Normal,229949.66
764,2225,90,RL,76.0,10260,Pave,,Reg,Lvl,AllPub,Inside,Gtl,Mitchel,Norm,Norm,Duplex,2Story,5,4,1976,1976,Gable,CompShg,Plywood,Plywood,,0.0,TA,TA,CBlock,,,,,0.0,,0.0,0.0,0.0,GasA,TA,Y,SBrkr,936,936,0,1872,0.0,0.0,2,2,4,2,TA,8,Typ,0,,Attchd,1976.0,Unf,2.0,484.0,TA,TA,Y,0,0,0,0,0,0,,,,0,11,2008,WD,Abnorml,144187.245
765,2226,20,RL,74.0,9990,Pave,,Reg,Lvl,AllPub,Inside,Gtl,Mitchel,Norm,Norm,1Fam,1Story,4,5,1991,1991,Gable,CompShg,HdBoard,HdBoard,,0.0,TA,TA,PConc,Gd,TA,No,ALQ,1383.0,Unf,0.0,297.0,1680.0,GasA,Gd,Y,SBrkr,1689,0,0,1689,1.0,0.0,2,0,3,1,TA,6,Typ,1,TA,Attchd,1991.0,Unf,2.0,432.0,TA,TA,Y,428,120,0,0,0,0,,,,0,7,2008,WD,Normal,202284.96
766,2227,120,RL,42.0,4084,Pave,,IR1,Lvl,AllPub,Inside,Gtl,Timber,Norm,Norm,TwnhsE,1Story,7,6,1986,1986,Gable,CompShg,VinylSd,VinylSd,BrkFace,340.0,Gd,TA,CBlock,Gd,TA,Av,GLQ,893.0,Unf,0.0,384.0,1277.0,GasA,Gd,Y,SBrkr,1501,0,0,1501,1.0,0.0,2,0,2,1,Gd,6,Typ,1,TA,Attchd,1986.0,Fin,2.0,512.0,TA,TA,Y,240,0,0,0,0,0,,,,0,7,2008,WD,Normal,207305.44
767,2228,20,RL,74.0,11563,Pave,,IR1,HLS,AllPub,Inside,Gtl,Timber,Norm,Norm,1Fam,1Story,8,5,2006,2007,Hip,CompShg,VinylSd,VinylSd,Stone,258.0,Gd,TA,PConc,Ex,TA,Gd,GLQ,1036.0,Unf,0.0,482.0,1518.0,GasA,Ex,Y,SBrkr,1537,0,0,1537,1.0,0.0,2,0,3,1,Gd,8,Typ,0,,Attchd,2007.0,Fin,3.0,788.0,TA,TA,Y,0,26,0,0,0,0,,,,0,4,2008,WD,Normal,276839.18
768,2229,60,RL,107.0,12852,Pave,,IR1,HLS,AllPub,Corner,Gtl,Timber,Norm,Norm,1Fam,2Story,8,5,2007,2007,Gable,CompShg,VinylSd,VinylSd,,0.0,Gd,TA,PConc,Gd,TA,Av,GLQ,770.0,Unf,0.0,150.0,920.0,GasA,Ex,Y,SBrkr,920,860,0,1780,1.0,0.0,2,1,3,1,Gd,6,Typ,1,Gd,Attchd,2007.0,Fin,2.0,612.0,TA,TA,Y,0,192,0,0,0,0,,,,0,1,2008,New,Partial,246455.87
769,2230,80,RL,73.0,9802,Pave,,Reg,Lvl,AllPub,Inside,Gtl,Timber,Norm,Norm,1Fam,SLvl,5,5,2006,2007,Gable,CompShg,VinylSd,VinylSd,,0.0,TA,TA,PConc,Gd,TA,No,Unf,0.0,Unf,0.0,352.0,352.0,GasA,Gd,Y,SBrkr,712,730,0,1442,0.0,0.0,2,1,3,1,TA,6,Typ,0,,BuiltIn,2007.0,Fin,2.0,400.0,TA,TA,Y,100,0,0,0,0,0,,,,0,4,2008,WD,Normal,166199.495
770,2231,60,RL,81.0,12018,Pave,,IR1,HLS,AllPub,Corner,Gtl,Timber,Norm,Norm,1Fam,2Story,7,5,2008,2008,Gable,CompShg,VinylSd,VinylSd,Stone,60.0,Gd,TA,PConc,Gd,TA,Av,Unf,0.0,Unf,0.0,796.0,796.0,GasA,Ex,Y,SBrkr,796,816,0,1612,0.0,0.0,2,1,3,1,Gd,6,Typ,0,,Attchd,2008.0,Fin,3.0,666.0,TA,TA,Y,0,64,0,0,0,0,,,,0,10,2008,New,Partial,219719.815
771,2232,20,RL,75.0,12890,Pave,,IR1,Lvl,AllPub,Inside,Gtl,Timber,Norm,Norm,1Fam,1Story,6,5,1989,1989,Gable,CompShg,Wd Sdng,Wd Sdng,BrkFace,128.0,TA,TA,CBlock,Gd,TA,No,Unf,0.0,Unf,0.0,1495.0,1495.0,GasA,Ex,Y,SBrkr,1495,0,0,1495,0.0,0.0,2,0,3,1,TA,8,Typ,1,TA,Attchd,1989.0,Unf,2.0,438.0,TA,TA,Y,252,0,192,0,0,0,,,,0,7,2008,WD,Normal,183955.87
772,2233,20,RL,93.0,18265,Pave,,Reg,Lvl,AllPub,Corner,Gtl,Timber,Norm,Norm,1Fam,1Story,6,5,1986,1986,Gable,CompShg,Plywood,HdBoard,BrkFace,228.0,Gd,Gd,CBlock,Gd,Gd,Av,GLQ,920.0,Rec,60.0,276.0,1256.0,GasA,Ex,Y,SBrkr,1256,0,0,1256,0.0,0.0,2,0,3,1,Gd,6,Typ,1,Fa,Attchd,1986.0,Unf,2.0,578.0,TA,TA,Y,282,0,0,0,0,0,,,,0,3,2008,WD,Normal,186032.13
773,2234,20,RL,82.0,11202,Pave,,IR1,Lvl,AllPub,Inside,Gtl,Timber,Norm,Norm,1Fam,1Story,8,5,2003,2003,Hip,CompShg,VinylSd,VinylSd,BrkFace,206.0,Gd,TA,PConc,Ex,TA,Av,GLQ,1029.0,Unf,0.0,403.0,1432.0,GasA,Ex,Y,SBrkr,1440,0,0,1440,1.0,0.0,2,0,3,1,Gd,7,Typ,1,TA,Attchd,2003.0,Fin,2.0,467.0,TA,TA,Y,185,95,0,0,0,0,,,,0,6,2008,WD,Normal,247061.385
774,2235,20,RL,,7915,Pave,,IR1,Lvl,AllPub,Inside,Gtl,Timber,Norm,Norm,1Fam,1Story,6,5,1999,2000,Hip,CompShg,VinylSd,VinylSd,,0.0,Gd,TA,PConc,Ex,TA,Mn,GLQ,1223.0,Unf,0.0,443.0,1666.0,GasA,Ex,Y,SBrkr,1675,0,0,1675,1.0,0.0,2,0,3,1,Gd,6,Typ,0,,Attchd,1999.0,RFn,2.0,435.0,TA,TA,Y,165,52,0,0,0,0,,,,0,12,2008,WD,Normal,234624.13
775,2236,20,RL,79.0,11449,Pave,,IR1,HLS,AllPub,Inside,Gtl,Timber,Norm,Norm,1Fam,1Story,8,5,2007,2007,Gable,CompShg,VinylSd,VinylSd,,0.0,Gd,TA,PConc,Gd,TA,Av,GLQ,1011.0,Unf,0.0,873.0,1884.0,GasA,Ex,Y,SBrkr,1728,0,0,1728,1.0,0.0,2,0,3,1,Gd,7,Typ,1,Gd,Attchd,2007.0,Fin,2.0,520.0,TA,TA,Y,0,276,0,0,0,0,,,,0,1,2008,WD,Normal,260960.36
776,2237,20,RL,85.0,11447,Pave,,IR1,Lvl,AllPub,Inside,Gtl,Timber,Norm,Norm,1Fam,1Story,8,5,2005,2006,Gable,CompShg,VinylSd,VinylSd,BrkFace,674.0,Gd,TA,PConc,Ex,TA,Av,GLQ,1571.0,Unf,0.0,393.0,1964.0,GasA,Ex,Y,SBrkr,1964,0,0,1964,1.0,0.0,2,1,3,1,Gd,7,Typ,1,Gd,Attchd,2005.0,Fin,3.0,892.0,TA,TA,Y,0,265,0,0,0,0,,,,0,6,2008,WD,Normal,333866.115
777,2238,90,RM,97.0,8940,Pave,,IR1,Lvl,AllPub,Corner,Gtl,Mitchel,Norm,Norm,Duplex,SFoyer,7,5,1997,1998,Gable,CompShg,VinylSd,VinylSd,BrkFace,200.0,TA,Gd,PConc,Gd,Gd,Gd,GLQ,1309.0,Unf,0.0,35.0,1344.0,GasA,Ex,Y,SBrkr,1344,0,0,1344,2.0,0.0,2,0,2,2,TA,8,Typ,0,,Attchd,1997.0,Fin,4.0,784.0,TA,TA,Y,0,0,0,0,0,0,,,,0,11,2008,WD,Alloca,215144.655
778,2239,20,RL,77.0,9278,Pave,,Reg,Lvl,AllPub,FR2,Gtl,Mitchel,Feedr,Artery,1Fam,1Story,5,5,2007,2008,Gable,CompShg,VinylSd,VinylSd,,0.0,TA,TA,PConc,Gd,TA,No,Unf,0.0,Unf,0.0,1092.0,1092.0,GasA,Ex,Y,SBrkr,1092,0,0,1092,0.0,0.0,1,0,2,1,TA,5,Typ,0,,,,,0.0,0.0,,,Y,0,52,0,0,0,0,,,,0,2,2008,WD,Abnorml,118164.375
779,2240,120,RM,32.0,4500,Pave,,Reg,Lvl,AllPub,FR2,Gtl,Mitchel,Norm,Norm,TwnhsE,1Story,6,5,1997,1997,Hip,CompShg,VinylSd,VinylSd,BrkFace,197.0,TA,TA,PConc,Ex,TA,No,GLQ,864.0,Unf,0.0,325.0,1189.0,GasA,Ex,Y,SBrkr,1189,0,0,1189,1.0,0.0,2,0,2,1,TA,4,Typ,0,,Attchd,1997.0,RFn,2.0,392.0,TA,TA,Y,0,122,0,0,0,0,,,,0,4,2008,WD,Normal,166289.78
780,2241,85,RL,150.0,14137,Pave,,Reg,Lvl,AllPub,Corner,Gtl,Mitchel,Norm,Norm,1Fam,SFoyer,4,5,1964,1964,Gable,CompShg,HdBoard,HdBoard,BrkFace,98.0,TA,TA,CBlock,Gd,TA,Av,ALQ,865.0,LwQ,247.0,88.0,1200.0,GasA,Gd,Y,SBrkr,1200,0,0,1200,1.0,0.0,1,0,3,1,TA,6,Typ,0,,2Types,1964.0,Fin,3.0,850.0,TA,TA,Y,0,119,0,0,171,0,,,,0,11,2008,ConLD,Normal,165049.995
781,2242,120,RM,,4224,Pave,,Reg,Lvl,AllPub,Inside,Gtl,MeadowV,Norm,Norm,TwnhsE,1Story,5,6,1975,1975,Gable,CompShg,CemntBd,CmentBd,,0.0,TA,TA,PConc,Gd,TA,No,GLQ,769.0,Unf,0.0,271.0,1040.0,GasA,Gd,Y,SBrkr,1040,0,0,1040,0.0,0.0,1,0,3,1,TA,6,Typ,0,,Attchd,1975.0,Unf,2.0,499.0,TA,TA,Y,0,100,0,0,0,0,,,,0,6,2008,WD,Normal,134978.07
782,2243,160,RM,41.0,2665,Pave,,Reg,Lvl,AllPub,Inside,Gtl,MeadowV,Norm,Norm,TwnhsE,2Story,5,7,1976,1976,Gable,CompShg,CemntBd,CmentBd,,0.0,TA,TA,PConc,Gd,TA,No,ALQ,318.0,Unf,0.0,232.0,550.0,GasA,TA,Y,SBrkr,925,550,0,1475,0.0,0.0,2,0,4,1,TA,6,Typ,1,TA,Attchd,1976.0,Unf,1.0,336.0,TA,TA,Y,92,26,0,0,0,0,,,,0,5,2008,WD,Normal,134284.05
783,2244,180,RM,21.0,1974,Pave,,Reg,Lvl,AllPub,Inside,Gtl,MeadowV,Norm,Norm,Twnhs,SFoyer,4,7,1973,2006,Gable,CompShg,CemntBd,CmentBd,,0.0,TA,Gd,CBlock,Gd,TA,Av,GLQ,501.0,Unf,0.0,25.0,526.0,GasA,Gd,Y,SBrkr,526,462,0,988,1.0,0.0,1,0,2,1,TA,5,Typ,0,,BuiltIn,1973.0,RFn,1.0,297.0,TA,TA,Y,120,101,0,0,0,0,,,,0,6,2008,WD,Normal,104329.375
784,2245,180,RM,21.0,1596,Pave,,Reg,Lvl,AllPub,Inside,Gtl,MeadowV,Norm,Norm,Twnhs,SLvl,4,6,1973,1973,Gable,CompShg,CemntBd,CmentBd,,0.0,TA,TA,CBlock,Gd,TA,Gd,GLQ,437.0,Unf,0.0,25.0,462.0,GasA,TA,Y,SBrkr,526,462,0,988,1.0,0.0,1,0,1,1,TA,4,Typ,1,Po,BuiltIn,1973.0,RFn,1.0,297.0,TA,TA,Y,0,101,0,120,0,0,,GdWo,,0,7,2008,WD,Normal,107472.3
785,2246,20,RL,,17979,Pave,,IR1,Lvl,AllPub,Corner,Gtl,Mitchel,Norm,Norm,1Fam,1Story,5,6,1968,1968,Gable,CompShg,Plywood,Plywood,,0.0,TA,Gd,CBlock,TA,TA,No,ALQ,785.0,Unf,0.0,328.0,1113.0,GasA,Ex,Y,SBrkr,1160,0,0,1160,1.0,0.0,1,0,3,1,Gd,6,Typ,0,,Attchd,1968.0,Unf,1.0,257.0,TA,TA,Y,81,0,0,0,0,0,,GdWo,Shed,500,2,2008,WD,Normal,143796.125
786,2247,160,RM,21.0,1477,Pave,,Reg,Lvl,AllPub,Inside,Gtl,MeadowV,Norm,Norm,Twnhs,2Story,6,9,1970,2007,Gable,CompShg,CemntBd,CmentBd,,0.0,TA,Gd,CBlock,TA,TA,No,GLQ,358.0,Unf,0.0,188.0,546.0,GasA,Ex,Y,SBrkr,546,546,0,1092,0.0,0.0,2,1,3,1,TA,6,Typ,0,,,,,0.0,0.0,,,Y,187,0,0,0,0,0,,,,0,3,2008,WD,Normal,113172.375
787,2248,20,RL,59.0,6490,Pave,,Reg,Lvl,AllPub,Inside,Gtl,Mitchel,Norm,Norm,1Fam,1Story,5,7,1983,1983,Gable,CompShg,VinylSd,VinylSd,,0.0,TA,Gd,CBlock,TA,TA,No,GLQ,534.0,Unf,0.0,282.0,816.0,GasA,Ex,Y,SBrkr,816,0,0,816,0.0,1.0,1,0,2,1,TA,4,Typ,0,,Attchd,1983.0,Unf,1.0,264.0,TA,TA,Y,315,0,0,0,0,0,,GdWo,,0,4,2008,WD,Normal,124305.425
788,2249,20,RL,60.0,6600,Pave,,Reg,Lvl,AllPub,Inside,Gtl,Mitchel,Norm,Norm,1Fam,1Story,5,6,1982,2005,Gable,CompShg,HdBoard,Plywood,,0.0,TA,TA,CBlock,TA,TA,No,GLQ,638.0,Unf,0.0,207.0,845.0,GasA,Gd,Y,SBrkr,845,0,0,845,0.0,0.0,1,0,3,1,Gd,6,Typ,0,,Attchd,1982.0,Unf,1.0,264.0,TA,TA,Y,0,0,0,0,0,0,,,,0,7,2008,WD,Normal,130922.375
789,2250,20,RL,74.0,12395,Pave,,Reg,Lvl,AllPub,Corner,Gtl,Mitchel,Norm,Norm,1Fam,1Story,5,6,1984,1984,Gable,CompShg,HdBoard,Plywood,,0.0,TA,TA,CBlock,TA,TA,No,ALQ,647.0,Unf,0.0,217.0,864.0,GasA,TA,Y,SBrkr,889,0,0,889,0.0,0.0,1,0,3,1,TA,6,Typ,0,,Attchd,1984.0,Unf,2.0,484.0,TA,TA,Y,0,0,0,0,0,0,,,,0,4,2008,WD,Normal,135756.25
790,2251,70,,,56600,Pave,,IR1,Low,AllPub,Inside,Gtl,IDOTRR,Norm,Norm,1Fam,2.5Unf,5,1,1900,1950,Hip,CompShg,Wd Sdng,Wd Sdng,,0.0,TA,TA,BrkTil,TA,TA,No,Unf,0.0,Unf,0.0,686.0,686.0,GasA,Ex,Y,SBrkr,1150,686,0,1836,0.0,0.0,2,0,4,1,TA,7,Maj1,0,,Detchd,1900.0,Unf,1.0,288.0,TA,Fa,N,0,0,0,0,0,0,,,,0,1,2008,WD,Normal,137404.825
791,2252,20,RL,85.0,10667,Pave,,Reg,Lvl,AllPub,Inside,Gtl,NAmes,Norm,Norm,1Fam,1Story,6,6,1971,1971,Gable,CompShg,MetalSd,MetalSd,BrkFace,302.0,TA,TA,CBlock,TA,TA,No,BLQ,838.0,Unf,0.0,749.0,1587.0,GasA,TA,Y,SBrkr,1587,0,0,1587,0.0,0.0,2,0,3,1,TA,7,Typ,1,Gd,Attchd,1971.0,Unf,2.0,525.0,TA,TA,Y,0,44,0,0,0,0,,,,0,3,2007,WD,Normal,177020.5
792,2253,80,RL,56.0,8872,Pave,,IR1,HLS,AllPub,Inside,Gtl,Gilbert,Norm,Norm,1Fam,SLvl,6,5,1997,1997,Gable,CompShg,VinylSd,VinylSd,,0.0,TA,TA,PConc,Gd,TA,No,Unf,0.0,Unf,0.0,384.0,384.0,GasA,Gd,Y,SBrkr,754,630,0,1384,0.0,0.0,2,1,3,1,TA,7,Typ,1,TA,BuiltIn,1997.0,Fin,2.0,390.0,TA,TA,Y,0,0,0,0,0,0,,,,0,3,2007,WD,Normal,165957.775
793,2254,80,RL,,10147,Pave,,IR1,Lvl,AllPub,CulDSac,Gtl,Gilbert,Norm,Norm,1Fam,SLvl,6,5,1994,1994,Gable,CompShg,HdBoard,HdBoard,BrkFace,32.0,TA,TA,PConc,Gd,TA,No,LwQ,186.0,Unf,0.0,206.0,392.0,GasA,Gd,Y,SBrkr,924,770,0,1694,0.0,0.0,2,1,3,1,TA,7,Typ,1,TA,BuiltIn,1994.0,Fin,2.0,398.0,TA,TA,Y,256,64,0,0,0,0,,MnPrv,,0,3,2007,WD,Normal,179053.365
794,2255,60,RL,,8637,Pave,,IR1,Lvl,AllPub,Inside,Gtl,Gilbert,Norm,Norm,1Fam,2Story,6,5,1999,2000,Gable,CompShg,VinylSd,VinylSd,,0.0,TA,TA,PConc,Gd,TA,No,ALQ,871.0,Unf,0.0,52.0,923.0,GasA,Gd,Y,SBrkr,947,767,0,1714,1.0,0.0,2,1,3,1,TA,7,Typ,1,TA,Attchd,2000.0,Fin,2.0,451.0,TA,TA,Y,256,48,0,0,0,0,,,,0,4,2007,WD,Abnorml,187135.95
795,2256,60,RL,63.0,7875,Pave,,Reg,Lvl,AllPub,Inside,Gtl,Gilbert,Norm,Norm,1Fam,2Story,7,5,1996,1996,Gable,CompShg,HdBoard,HdBoard,,0.0,Gd,TA,PConc,Gd,TA,No,Rec,414.0,Unf,0.0,277.0,691.0,GasA,Gd,Y,SBrkr,691,862,0,1553,0.0,0.0,2,1,3,1,Gd,6,Typ,0,,Attchd,1996.0,Fin,2.0,420.0,TA,TA,Y,0,44,0,0,0,0,,,,0,8,2007,WD,Normal,183635.77
796,2257,60,RL,60.0,7500,Pave,,Reg,Lvl,AllPub,Inside,Gtl,Gilbert,Norm,Norm,1Fam,2Story,6,5,1999,2003,Gable,CompShg,VinylSd,VinylSd,,0.0,TA,TA,PConc,Gd,TA,No,Unf,0.0,Unf,0.0,938.0,938.0,GasA,Ex,Y,SBrkr,957,1342,0,2299,0.0,0.0,3,1,5,1,TA,7,Typ,1,TA,Attchd,1999.0,Fin,2.0,482.0,TA,TA,Y,188,30,0,0,0,0,,,,0,8,2007,WD,Normal,202419.86
797,2258,20,RL,,9556,Pave,,IR1,Lvl,AllPub,Corner,Gtl,Gilbert,Norm,Norm,1Fam,1Story,7,5,1992,1993,Gable,CompShg,HdBoard,HdBoard,BrkFace,52.0,TA,TA,PConc,Gd,TA,No,Unf,0.0,Unf,0.0,1168.0,1168.0,GasA,Gd,Y,SBrkr,1187,0,0,1187,0.0,0.0,2,0,3,1,Gd,6,Typ,0,,Attchd,1992.0,RFn,2.0,420.0,TA,TA,Y,0,21,0,0,0,0,,,,0,8,2007,WD,Normal,175711.7
798,2259,60,RL,,7655,Pave,,IR1,Lvl,AllPub,CulDSac,Gtl,Gilbert,Norm,Norm,1Fam,2Story,6,5,1993,1994,Gable,CompShg,HdBoard,HdBoard,,0.0,TA,TA,PConc,Gd,TA,No,Unf,0.0,Unf,0.0,903.0,903.0,GasA,Gd,Y,SBrkr,910,732,0,1642,0.0,0.0,2,1,3,1,TA,7,Typ,1,TA,Attchd,1993.0,RFn,2.0,392.0,TA,TA,Y,290,84,0,0,0,0,,,,0,7,2007,WD,Normal,181995.67
799,2260,20,RL,160.0,18160,Grvl,,Reg,Lvl,AllPub,Inside,Gtl,Gilbert,Norm,Norm,1Fam,1Story,6,6,1964,1964,Gable,CompShg,HdBoard,HdBoard,BrkCmn,138.0,TA,TA,CBlock,TA,TA,Av,BLQ,550.0,Unf,0.0,752.0,1302.0,GasA,Fa,Y,SBrkr,1128,0,0,1128,1.0,0.0,1,0,3,1,TA,6,Typ,1,TA,Attchd,1964.0,Unf,2.0,480.0,TA,TA,P,0,108,246,0,0,0,,MnPrv,,0,3,2007,WD,Alloca,157626.305
800,2261,120,RL,38.0,4740,Pave,,IR1,Lvl,AllPub,Inside,Gtl,StoneBr,Norm,Norm,TwnhsE,1Story,8,5,1988,1988,Gable,CompShg,CemntBd,CmentBd,,0.0,Gd,TA,CBlock,Gd,TA,Gd,GLQ,248.0,Unf,0.0,918.0,1166.0,GasA,Gd,Y,SBrkr,1179,0,0,1179,1.0,0.0,2,0,2,1,TA,5,Typ,0,,Attchd,1988.0,RFn,2.0,480.0,TA,TA,Y,0,108,0,0,135,0,,,,0,10,2007,WD,Normal,185142.4
801,2262,120,RL,35.0,5118,Pave,,IR1,HLS,AllPub,Inside,Gtl,StoneBr,Norm,Norm,TwnhsE,1Story,8,5,1990,1990,Gable,CompShg,CemntBd,CmentBd,,0.0,Gd,TA,PConc,Gd,TA,Gd,GLQ,926.0,Unf,0.0,386.0,1312.0,GasA,Gd,Y,SBrkr,1321,0,0,1321,1.0,0.0,1,0,1,1,Gd,4,Typ,1,TA,Attchd,1990.0,RFn,2.0,484.0,TA,TA,Y,0,64,140,0,0,0,,,,0,8,2007,WD,Normal,212351.41
802,2263,60,RL,98.0,12328,Pave,,IR1,Lvl,AllPub,Inside,Gtl,StoneBr,Norm,Norm,1Fam,2Story,8,5,2005,2005,Hip,CompShg,VinylSd,VinylSd,Stone,146.0,Gd,TA,PConc,Ex,TA,Mn,GLQ,986.0,Unf,0.0,163.0,1149.0,GasA,Ex,Y,SBrkr,1164,1377,0,2541,1.0,0.0,3,1,4,1,Ex,10,Typ,1,Gd,BuiltIn,2005.0,Fin,3.0,729.0,TA,TA,Y,120,32,0,0,0,0,,,,0,7,2007,WD,Normal,342277.445
803,2264,20,RL,52.0,51974,Pave,,IR1,Lvl,AllPub,CulDSac,Gtl,StoneBr,PosN,Norm,1Fam,1Story,9,5,2006,2007,Hip,CompShg,VinylSd,VinylSd,BrkFace,710.0,Ex,TA,PConc,Ex,TA,Av,GLQ,1101.0,Unf,0.0,1559.0,2660.0,GasA,Ex,Y,SBrkr,2338,0,0,2338,1.0,0.0,2,1,4,1,Gd,8,Typ,2,Gd,Attchd,2005.0,Fin,3.0,1110.0,Gd,TA,Y,0,135,0,0,322,0,,,,0,6,2007,New,Partial,375402.115
804,2265,190,RL,195.0,41600,Pave,,IR1,Lvl,AllPub,FR2,Gtl,Gilbert,Norm,Norm,2fmCon,1Story,5,5,1969,1990,Gable,CompShg,HdBoard,HdBoard,,0.0,TA,TA,CBlock,Gd,TA,Gd,ALQ,1047.0,Unf,0.0,53.0,1100.0,GasW,TA,Y,SBrkr,1424,0,0,1424,1.0,0.0,1,1,3,1,TA,7,Mod,0,,2Types,1969.0,Unf,3.0,828.0,TA,TA,N,144,0,0,0,0,0,,,,0,11,2007,WD,Normal,170696.295
805,2266,120,RL,61.0,8035,Pave,,IR1,HLS,AllPub,Inside,Gtl,StoneBr,Norm,Norm,TwnhsE,1Story,9,5,2006,2006,Gable,CompShg,MetalSd,MetalSd,BrkFace,165.0,Gd,TA,PConc,Ex,TA,Gd,GLQ,797.0,Unf,0.0,815.0,1612.0,GasA,Ex,Y,SBrkr,1612,0,0,1612,1.0,0.0,2,0,2,1,Ex,6,Typ,1,Gd,Attchd,2006.0,Fin,2.0,556.0,TA,TA,Y,0,164,0,0,0,0,,,,0,3,2007,WD,Normal,280477.97
806,2267,20,RL,85.0,14082,Pave,,IR1,HLS,AllPub,Inside,Gtl,StoneBr,Norm,Norm,1Fam,1Story,8,5,2006,2006,Hip,CompShg,VinylSd,VinylSd,BrkFace,945.0,Gd,TA,PConc,Ex,Gd,Gd,GLQ,1558.0,Unf,0.0,662.0,2220.0,GasA,Ex,Y,SBrkr,2234,0,0,2234,1.0,0.0,1,1,1,1,Gd,7,Typ,1,Gd,Attchd,2006.0,RFn,2.0,724.0,TA,TA,Y,390,80,0,0,0,0,,,,0,1,2007,WD,Normal,332525.625
807,2268,20,RL,81.0,13870,Pave,,IR1,HLS,AllPub,Inside,Gtl,StoneBr,PosA,PosA,1Fam,1Story,10,5,2006,2007,Hip,CompShg,CemntBd,CmentBd,BrkFace,250.0,Ex,TA,PConc,Ex,TA,Gd,GLQ,1152.0,Unf,0.0,590.0,1742.0,GasA,Ex,Y,SBrkr,2042,0,0,2042,1.0,0.0,2,0,3,1,Ex,8,Typ,1,Gd,Attchd,2007.0,Fin,3.0,724.0,TA,TA,Y,240,52,0,0,174,0,,,,0,10,2007,New,Partial,369528.115
808,2269,20,RL,,10960,Pave,,IR1,Lvl,AllPub,Inside,Gtl,NWAmes,Norm,Norm,1Fam,1Story,6,5,1984,1984,Hip,CompShg,HdBoard,HdBoard,,0.0,TA,TA,CBlock,Gd,TA,No,GLQ,256.0,Unf,0.0,1028.0,1284.0,GasA,TA,Y,SBrkr,1284,0,0,1284,1.0,0.0,2,0,3,1,TA,5,Typ,0,,Attchd,1984.0,Unf,2.0,480.0,TA,TA,Y,0,0,192,0,0,0,,,,0,4,2007,COD,Abnorml,158449.72
809,2270,60,RL,78.0,12090,Pave,,Reg,Lvl,AllPub,Inside,Gtl,NWAmes,Norm,Norm,1Fam,2Story,7,7,1981,2003,Gable,CompShg,MetalSd,MetalSd,BrkFace,306.0,Gd,TA,CBlock,Gd,TA,No,ALQ,321.0,Unf,0.0,404.0,725.0,GasA,Ex,Y,SBrkr,725,754,0,1479,0.0,0.0,2,1,3,1,Gd,6,Typ,1,TA,Attchd,1981.0,RFn,2.0,484.0,TA,TA,Y,167,72,0,0,0,0,,,,0,3,2007,WD,Normal,193184.225
810,2271,20,RL,93.0,12299,Pave,,Reg,Lvl,AllPub,Inside,Gtl,NWAmes,Norm,Norm,1Fam,1Story,7,6,1978,1985,Gable,CompShg,Plywood,Plywood,Stone,67.0,TA,TA,CBlock,Gd,TA,No,GLQ,1328.0,Unf,0.0,201.0,1529.0,GasA,TA,Y,SBrkr,1664,0,0,1664,1.0,0.0,2,0,3,1,Gd,7,Typ,1,TA,Attchd,1978.0,Fin,2.0,663.0,TA,TA,Y,0,0,0,0,0,0,,,,0,9,2007,WD,Normal,212019.39
811,2272,60,RL,61.0,11339,Pave,,IR1,Lvl,AllPub,Inside,Gtl,NWAmes,PosA,Norm,1Fam,2Story,7,5,1979,1979,Hip,WdShake,HdBoard,Plywood,BrkFace,549.0,TA,TA,CBlock,Gd,TA,No,ALQ,758.0,Unf,0.0,22.0,780.0,GasA,TA,Y,SBrkr,1085,845,0,1930,1.0,0.0,2,1,4,1,Gd,9,Typ,1,TA,Attchd,1979.0,Fin,2.0,481.0,TA,TA,Y,192,72,0,0,0,0,,,,0,3,2007,WD,Normal,204241.455
812,2273,20,RL,79.0,11850,Pave,,Reg,Lvl,AllPub,FR2,Gtl,NWAmes,Norm,Norm,1Fam,1Story,6,6,1984,1984,Gable,CompShg,Plywood,Plywood,BrkFace,98.0,TA,TA,CBlock,Gd,TA,No,ALQ,781.0,Unf,0.0,372.0,1153.0,GasA,TA,Y,SBrkr,1177,0,0,1177,0.0,0.0,2,0,3,1,Gd,6,Typ,0,,Attchd,1984.0,Fin,2.0,495.0,TA,TA,Y,204,103,0,0,0,0,,MnPrv,,0,8,2007,WD,Normal,170362.125
813,2274,20,RL,80.0,10400,Pave,,Reg,Lvl,AllPub,Inside,Gtl,NWAmes,Norm,Norm,1Fam,1Story,6,5,1979,1999,Gable,CompShg,MetalSd,MetalSd,BrkFace,253.0,TA,TA,CBlock,Gd,TA,No,GLQ,903.0,Unf,0.0,356.0,1259.0,GasA,Ex,Y,SBrkr,1353,0,0,1353,1.0,0.0,2,0,2,1,TA,5,Typ,1,TA,Attchd,1979.0,RFn,2.0,478.0,TA,TA,Y,240,141,0,0,0,0,,,,0,8,2007,WD,Normal,174192.1
814,2275,20,RL,128.0,13001,Pave,,IR1,Lvl,AllPub,Inside,Gtl,NWAmes,PosN,Norm,1Fam,1Story,6,5,1971,1971,Hip,CompShg,HdBoard,HdBoard,BrkFace,176.0,TA,TA,CBlock,TA,TA,Mn,ALQ,492.0,BLQ,121.0,1012.0,1625.0,GasA,TA,Y,SBrkr,1220,0,0,1220,0.0,1.0,2,0,2,1,TA,6,Typ,1,TA,Attchd,1971.0,Unf,2.0,944.0,TA,TA,Y,0,0,249,0,0,0,,,,0,9,2007,WD,Normal,169660.58
815,2276,80,RL,64.0,8991,Pave,,IR1,Lvl,AllPub,CulDSac,Gtl,NWAmes,PosN,Norm,1Fam,SLvl,7,6,1976,1976,Gable,CompShg,Plywood,Plywood,Stone,130.0,TA,TA,CBlock,Gd,TA,Gd,GLQ,624.0,Rec,604.0,0.0,1228.0,GasA,TA,Y,SBrkr,1324,0,0,1324,0.0,1.0,2,0,3,1,Gd,5,Typ,1,Fa,Attchd,1976.0,Fin,2.0,585.0,TA,TA,Y,407,36,0,0,0,0,,,,0,2,2007,WD,Normal,181357.7
816,2277,60,RL,80.0,8000,Pave,,Reg,Lvl,AllPub,Inside,Gtl,NWAmes,PosN,Norm,1Fam,2Story,6,6,1974,1974,Gable,CompShg,HdBoard,HdBoard,,0.0,TA,TA,CBlock,TA,TA,No,ALQ,931.0,LwQ,153.0,0.0,1084.0,GasA,TA,Y,SBrkr,1084,793,0,1877,1.0,0.0,2,1,4,1,TA,8,Typ,1,TA,Attchd,1974.0,Unf,2.0,488.0,TA,TA,Y,0,96,0,0,0,0,,,,0,11,2007,WD,Normal,182942.42
817,2278,20,RL,63.0,9457,Pave,,Reg,Lvl,AllPub,Inside,Gtl,NAmes,Norm,Norm,1Fam,1Story,5,6,1970,1990,Gable,CompShg,MetalSd,MetalSd,,0.0,TA,TA,CBlock,TA,TA,No,ALQ,566.0,Unf,0.0,359.0,925.0,GasA,TA,Y,SBrkr,1422,0,0,1422,1.0,0.0,1,0,3,1,TA,7,Min2,0,,Detchd,1988.0,Unf,2.0,576.0,TA,TA,Y,252,0,0,0,0,0,,GdWo,,0,9,2007,WD,Normal,142045.97
818,2279,20,RL,66.0,7920,Pave,,Reg,Lvl,AllPub,Inside,Gtl,NAmes,Norm,Norm,1Fam,1Story,5,5,1970,2002,Gable,CompShg,HdBoard,HdBoard,BrkFace,32.0,TA,TA,CBlock,TA,TA,No,ALQ,81.0,GLQ,619.0,214.0,914.0,GasA,Ex,Y,SBrkr,914,0,0,914,0.0,0.0,1,0,3,1,Ex,5,Typ,0,,Attchd,1970.0,RFn,1.0,368.0,TA,Gd,Y,120,0,0,0,0,0,,,,0,10,2007,WD,Normal,139240.795
819,2280,20,RL,,17199,Pave,,Reg,Lvl,AllPub,FR2,Gtl,NAmes,Norm,Norm,1Fam,1Story,4,7,1961,1961,Gable,CompShg,MetalSd,MetalSd,,0.0,TA,Gd,BrkTil,TA,TA,No,ALQ,314.0,Unf,0.0,600.0,914.0,GasA,Ex,Y,SBrkr,914,0,0,914,0.0,0.0,1,0,2,1,TA,4,Typ,0,,Basment,1961.0,Unf,1.0,270.0,Fa,TA,Y,140,0,0,0,0,0,,GdWo,,0,7,2007,WD,Normal,120316.185
820,2281,120,RH,33.0,4113,Pave,,IR1,Lvl,AllPub,Inside,Gtl,NAmes,Norm,Norm,TwnhsE,1Story,6,5,2001,2001,Gable,CompShg,MetalSd,MetalSd,,0.0,Gd,TA,PConc,Gd,TA,Mn,Unf,0.0,Unf,0.0,1337.0,1337.0,GasA,Ex,Y,SBrkr,1337,0,0,1337,0.0,0.0,2,0,2,1,Gd,5,Typ,1,TA,Attchd,2001.0,Fin,2.0,511.0,TA,TA,Y,136,68,0,0,0,0,,,,0,7,2007,WD,Normal,188304.18
821,2282,120,RH,26.0,10943,Pave,,IR2,Lvl,AllPub,FR2,Gtl,NAmes,Norm,Norm,TwnhsE,1Story,6,5,1997,1998,Gable,CompShg,MetalSd,MetalSd,,0.0,Gd,TA,PConc,Gd,TA,No,GLQ,930.0,Unf,0.0,475.0,1405.0,GasA,Ex,Y,SBrkr,1337,0,0,1337,1.0,0.0,2,0,2,1,Gd,5,Typ,1,TA,Attchd,1997.0,Fin,2.0,522.0,TA,TA,Y,0,68,0,0,0,0,,,,0,10,2007,WD,Normal,201074.375
822,2283,160,RM,21.0,2205,Pave,,Reg,Lvl,AllPub,Inside,Gtl,BrDale,Norm,Norm,Twnhs,2Story,6,6,1973,1973,Gable,CompShg,HdBoard,HdBoard,BrkFace,567.0,TA,TA,CBlock,TA,TA,No,ALQ,312.0,Unf,0.0,213.0,525.0,GasA,TA,Y,SBrkr,525,567,0,1092,0.0,0.0,1,1,3,1,TA,6,Typ,0,,Detchd,1973.0,Unf,1.0,264.0,TA,TA,Y,144,0,0,0,0,0,,,,0,2,2007,WD,Normal,101351.75
823,2284,160,RM,21.0,2058,Pave,,Reg,Lvl,AllPub,Inside,Gtl,BrDale,Norm,Norm,Twnhs,2Story,6,5,1973,1973,Gable,CompShg,HdBoard,HdBoard,BrkFace,265.0,TA,TA,CBlock,TA,TA,No,Unf,0.0,Unf,0.0,672.0,672.0,GasA,Ex,Y,SBrkr,672,546,0,1218,0.0,0.0,1,1,4,1,Ex,7,Typ,0,,Detchd,1973.0,Unf,1.0,264.0,TA,TA,Y,0,28,0,0,0,0,,,,0,12,2007,WD,Normal,122806.275
824,2285,120,RL,24.0,2304,Pave,,Reg,Lvl,AllPub,Inside,Gtl,NPkVill,Norm,Norm,Twnhs,1Story,7,7,1978,1978,Gable,CompShg,Plywood,Brk Cmn,,0.0,TA,TA,CBlock,Gd,TA,No,GLQ,632.0,Unf,6.0,423.0,1061.0,GasA,TA,Y,SBrkr,1055,0,0,1055,0.0,0.0,2,0,2,1,TA,4,Typ,0,,Attchd,1978.0,Unf,1.0,319.0,TA,TA,Y,108,32,0,0,0,0,,,,0,4,2007,WD,Normal,139353.82
825,2286,20,RL,65.0,7150,Pave,,Reg,Lvl,AllPub,Inside,Gtl,NAmes,Norm,Norm,1Fam,1Story,5,6,1966,1966,Hip,CompShg,HdBoard,HdBoard,BrkFace,52.0,TA,TA,CBlock,TA,TA,No,BLQ,725.0,Unf,0.0,263.0,988.0,GasA,TA,Y,SBrkr,988,0,0,988,1.0,0.0,1,0,3,1,TA,5,Typ,0,,Detchd,1974.0,Unf,1.0,360.0,TA,TA,Y,0,0,0,0,0,0,,,,0,11,2007,WD,Normal,129673.015
826,2287,20,RL,96.0,12469,Pave,,Reg,Lvl,AllPub,FR2,Gtl,NridgHt,Norm,Norm,1Fam,1Story,9,5,2006,2007,Hip,CompShg,VinylSd,VinylSd,Stone,378.0,Ex,TA,PConc,Ex,TA,Gd,GLQ,1151.0,Unf,0.0,639.0,1790.0,GasA,Ex,Y,SBrkr,1816,0,0,1816,1.0,0.0,2,0,3,1,Ex,7,Typ,1,Gd,Attchd,2007.0,Fin,3.0,730.0,TA,TA,Y,186,36,0,0,0,0,,,,0,8,2007,New,Partial,358634.145
827,2288,20,RL,91.0,11825,Pave,,Reg,Lvl,AllPub,Inside,Gtl,NridgHt,Norm,Norm,1Fam,1Story,8,5,2006,2007,Gable,CompShg,CemntBd,CmentBd,Stone,302.0,Gd,TA,PConc,Ex,TA,Mn,Unf,0.0,Unf,0.0,1694.0,1694.0,GasA,Ex,Y,SBrkr,1694,0,0,1694,0.0,0.0,2,0,3,1,Gd,7,Typ,1,Gd,Attchd,2006.0,RFn,3.0,856.0,TA,TA,Y,0,112,0,0,0,0,,,,0,6,2007,New,Partial,282263.53
828,2289,20,RL,110.0,14333,Pave,,Reg,Lvl,AllPub,Corner,Gtl,NridgHt,Norm,Norm,1Fam,1Story,8,5,2007,2007,Gable,CompShg,VinylSd,VinylSd,,0.0,Gd,TA,PConc,Gd,TA,Gd,GLQ,1518.0,Unf,0.0,590.0,2108.0,GasA,Ex,Y,SBrkr,2122,0,0,2122,1.0,0.0,2,1,2,1,Gd,7,Typ,1,Ex,Attchd,2007.0,Fin,3.0,938.0,TA,TA,Y,130,142,0,0,0,0,,,,0,11,2007,New,Partial,342830.375
829,2290,60,RL,107.0,13641,Pave,,Reg,Lvl,AllPub,Inside,Gtl,NridgHt,Norm,Norm,1Fam,2Story,9,5,2007,2007,Hip,CompShg,CemntBd,CmentBd,BrkFace,456.0,Ex,TA,PConc,Ex,TA,Gd,GLQ,1304.0,Unf,0.0,630.0,1934.0,GasA,Ex,Y,SBrkr,1943,713,0,2656,1.0,0.0,2,1,3,1,Ex,8,Typ,1,Gd,Attchd,2007.0,RFn,3.0,1040.0,TA,TA,Y,268,58,0,0,0,0,,,,0,12,2007,New,Partial,388437.495
830,2291,60,RL,110.0,13440,Pave,,Reg,Lvl,AllPub,Inside,Gtl,NridgHt,Norm,Norm,1Fam,2Story,8,5,2006,2007,Hip,CompShg,VinylSd,VinylSd,BrkFace,190.0,Gd,TA,PConc,Ex,TA,No,Unf,0.0,Unf,0.0,1108.0,1108.0,GasA,Ex,Y,SBrkr,1148,1402,0,2550,0.0,0.0,2,1,4,1,Ex,11,Typ,1,Gd,BuiltIn,2006.0,Fin,3.0,670.0,TA,TA,Y,120,39,0,0,0,0,,,,0,3,2007,New,Partial,330035.465
831,2292,20,RL,105.0,15431,Pave,,Reg,Lvl,AllPub,Inside,Gtl,NridgHt,Norm,Norm,1Fam,1Story,10,5,2005,2006,Hip,CompShg,VinylSd,VinylSd,BrkFace,400.0,Ex,TA,PConc,Ex,TA,Gd,GLQ,1430.0,Unf,0.0,564.0,1994.0,GasA,Ex,Y,SBrkr,2046,0,0,2046,1.0,0.0,2,1,2,1,Ex,7,Typ,2,Gd,Attchd,2005.0,Fin,3.0,878.0,TA,TA,Y,188,65,0,0,175,0,,,,0,8,2007,WD,Normal,394117.92
832,2293,20,RL,107.0,13891,Pave,,Reg,Lvl,AllPub,Inside,Gtl,NridgHt,Norm,Norm,1Fam,1Story,9,5,2007,2007,Hip,CompShg,VinylSd,VinylSd,Stone,456.0,Ex,TA,PConc,Ex,TA,Gd,GLQ,1812.0,Unf,0.0,740.0,2552.0,GasA,Ex,Y,SBrkr,2552,0,0,2552,1.0,0.0,2,0,3,1,Ex,8,Typ,2,Ex,Attchd,2007.0,Fin,3.0,932.0,TA,TA,Y,130,28,0,0,0,0,,,,0,10,2007,New,Partial,413522.935
833,2294,60,RL,118.0,13654,Pave,,IR1,Lvl,AllPub,CulDSac,Gtl,NridgHt,Norm,Norm,1Fam,2Story,9,5,2005,2006,Gable,CompShg,MetalSd,MetalSd,BrkFace,365.0,Gd,TA,PConc,Ex,TA,Gd,Unf,0.0,Unf,0.0,1704.0,1704.0,GasA,Ex,Y,SBrkr,1722,1036,0,2758,0.0,0.0,2,1,4,1,Ex,9,Typ,1,Ex,BuiltIn,2005.0,Fin,3.0,814.0,TA,TA,Y,282,55,0,0,0,0,,,,0,5,2007,WD,Normal,364348.53
834,2295,20,RL,59.0,17169,Pave,,IR2,Lvl,AllPub,CulDSac,Gtl,NridgHt,Norm,Norm,1Fam,1Story,10,5,2007,2007,Hip,CompShg,CemntBd,CmentBd,BrkFace,970.0,Ex,TA,PConc,Ex,TA,Av,GLQ,1684.0,Unf,0.0,636.0,2320.0,GasA,Ex,Y,SBrkr,2290,0,0,2290,2.0,0.0,2,1,2,1,Ex,7,Typ,1,Gd,Attchd,2007.0,Fin,3.0,1174.0,TA,TA,Y,192,30,0,0,0,0,,,,0,8,2007,New,Partial,405335.45
835,2296,60,RL,134.0,16659,Pave,,IR1,Lvl,AllPub,Corner,Gtl,NridgHt,Norm,Norm,1Fam,2Story,8,5,2007,2008,Gable,CompShg,VinylSd,VinylSd,,0.0,Gd,TA,PConc,Gd,TA,No,Unf,0.0,Unf,0.0,1582.0,1582.0,GasA,Ex,Y,SBrkr,1582,570,0,2152,0.0,0.0,2,1,3,1,Gd,7,Typ,1,Gd,Detchd,2007.0,Unf,2.0,728.0,TA,TA,Y,0,368,0,0,0,0,,,,0,6,2007,New,Partial,262447.775
836,2297,60,RL,82.0,9709,Pave,,IR1,Lvl,AllPub,Inside,Gtl,NridgHt,Norm,Norm,1Fam,2Story,8,5,2007,2007,Gable,CompShg,VinylSd,VinylSd,Stone,120.0,Ex,TA,PConc,Ex,TA,Gd,GLQ,778.0,Unf,0.0,140.0,918.0,GasA,Ex,Y,SBrkr,958,1142,0,2100,1.0,0.0,2,1,3,1,Ex,8,Typ,2,Gd,BuiltIn,2007.0,Fin,3.0,786.0,TA,TA,Y,172,104,0,0,0,0,,,,0,9,2007,New,Partial,332060.865
837,2298,20,RL,94.0,13615,Pave,,IR1,HLS,AllPub,Corner,Mod,NridgHt,Norm,Norm,1Fam,1Story,9,5,2006,2006,Hip,CompShg,MetalSd,MetalSd,Stone,510.0,Ex,TA,PConc,Ex,TA,Gd,Unf,0.0,Unf,0.0,1802.0,1802.0,GasA,Ex,Y,SBrkr,1802,0,0,1802,0.0,0.0,2,1,3,1,Ex,7,Typ,1,Gd,Attchd,2006.0,Fin,3.0,843.0,TA,TA,Y,158,105,0,0,0,0,,,,0,6,2007,WD,Normal,330499.495
838,2299,60,RL,99.0,13069,Pave,,IR1,Lvl,AllPub,Inside,Gtl,NridgHt,Norm,Norm,1Fam,2Story,8,5,2004,2004,Gable,CompShg,VinylSd,VinylSd,BrkFace,502.0,Gd,TA,PConc,Gd,TA,Av,Unf,0.0,Unf,0.0,1706.0,1706.0,GasA,Ex,Y,SBrkr,1718,1238,0,2956,0.0,0.0,2,1,5,1,Ex,11,Typ,1,Ex,BuiltIn,2004.0,RFn,3.0,916.0,TA,TA,Y,194,50,0,0,0,0,,,,0,8,2007,WD,Normal,341079.335
839,2300,60,RL,110.0,14277,Pave,,Reg,Lvl,AllPub,Inside,Gtl,NridgHt,Norm,Norm,1Fam,2Story,8,5,2003,2003,Gable,CompShg,VinylSd,VinylSd,BrkFace,280.0,Gd,TA,PConc,Ex,TA,Mn,GLQ,938.0,Unf,0.0,379.0,1317.0,GasA,Ex,Y,SBrkr,1217,1168,0,2385,1.0,0.0,2,1,3,1,Gd,7,Typ,1,Gd,Attchd,2003.0,Fin,3.0,818.0,TA,TA,Y,192,228,0,0,0,0,,,,0,1,2007,WD,Normal,309212.86
840,2301,60,RL,,12568,Pave,,Reg,Lvl,AllPub,Inside,Gtl,NridgHt,Norm,Norm,1Fam,2Story,8,5,2007,2007,Hip,CompShg,VinylSd,VinylSd,Stone,246.0,Gd,TA,PConc,Ex,TA,Av,GLQ,669.0,Unf,0.0,226.0,895.0,GasA,Ex,Y,SBrkr,895,923,0,1818,1.0,0.0,2,1,3,1,Ex,8,Typ,1,Gd,Attchd,2007.0,Fin,3.0,774.0,TA,TA,Y,196,104,0,0,0,0,,,,0,8,2007,New,Partial,316758.33
841,2302,20,RL,70.0,9926,Pave,,IR1,Lvl,AllPub,Inside,Gtl,NridgHt,Norm,Norm,1Fam,1Story,7,5,2005,2006,Gable,CompShg,VinylSd,VinylSd,BrkFace,210.0,Gd,TA,PConc,Gd,TA,Mn,GLQ,1178.0,Unf,0.0,436.0,1614.0,GasA,Ex,Y,SBrkr,1614,0,0,1614,1.0,0.0,2,0,3,1,Gd,7,Typ,0,,Attchd,2005.0,RFn,3.0,878.0,TA,TA,Y,100,38,0,0,0,0,,,,0,5,2007,WD,Normal,244994.955
842,2303,20,RL,71.0,9254,Pave,,IR1,Lvl,AllPub,Inside,Gtl,NridgHt,Norm,Norm,1Fam,1Story,8,5,2005,2005,Gable,CompShg,VinylSd,VinylSd,BrkFace,210.0,Gd,TA,PConc,Gd,TA,No,GLQ,119.0,Unf,0.0,1602.0,1721.0,GasA,Ex,Y,SBrkr,1721,0,0,1721,1.0,0.0,2,0,3,1,Gd,7,Typ,0,,Attchd,2005.0,RFn,2.0,554.0,TA,TA,Y,168,27,0,0,0,0,,,,0,1,2007,WD,Normal,233186.58
843,2304,60,RL,92.0,10732,Pave,,IR1,Lvl,AllPub,Corner,Gtl,NridgHt,Norm,Norm,1Fam,2Story,8,5,2006,2007,Gable,CompShg,VinylSd,VinylSd,,0.0,Gd,TA,PConc,Gd,TA,No,Unf,0.0,Unf,0.0,1298.0,1298.0,GasA,Ex,Y,SBrkr,1298,530,0,1828,0.0,0.0,2,1,3,1,Gd,7,Typ,0,,BuiltIn,2006.0,RFn,3.0,876.0,TA,TA,Y,0,40,0,0,0,0,,,,0,2,2007,New,Partial,242403.885
844,2305,120,RL,34.0,3901,Pave,,Reg,Lvl,AllPub,Inside,Gtl,NridgHt,Norm,Norm,Twnhs,1Story,6,5,2005,2006,Gable,CompShg,VinylSd,VinylSd,Stone,182.0,Gd,TA,PConc,Gd,TA,Av,ALQ,866.0,Unf,0.0,436.0,1302.0,GasA,Ex,Y,SBrkr,1302,0,0,1302,1.0,0.0,1,1,1,1,Gd,5,Typ,1,Gd,Attchd,2005.0,RFn,2.0,631.0,TA,TA,Y,110,50,0,0,0,0,,,,0,8,2007,New,Partial,194418.115
845,2306,120,RL,34.0,3903,Pave,,Reg,Lvl,AllPub,Inside,Gtl,NridgHt,Norm,Norm,Twnhs,1Story,6,5,2005,2006,Gable,CompShg,VinylSd,VinylSd,Stone,182.0,Gd,TA,PConc,Gd,TA,Av,ALQ,1030.0,Unf,0.0,272.0,1302.0,GasA,Ex,Y,SBrkr,1302,0,0,1302,1.0,0.0,1,1,1,1,Gd,5,Typ,1,Gd,Attchd,2005.0,RFn,2.0,631.0,TA,TA,Y,110,50,0,0,0,0,,,,0,5,2007,WD,Normal,193047.965
846,2307,120,RL,41.0,6289,Pave,,IR1,Lvl,AllPub,Inside,Gtl,NridgHt,Norm,Norm,TwnhsE,1Story,6,5,2005,2006,Gable,CompShg,VinylSd,VinylSd,Stone,256.0,Gd,TA,PConc,Gd,TA,Av,ALQ,762.0,Unf,0.0,600.0,1362.0,GasA,Ex,Y,SBrkr,1362,0,0,1362,1.0,0.0,2,0,2,1,Gd,6,Typ,1,Gd,Attchd,2005.0,RFn,2.0,460.0,TA,TA,Y,192,28,0,0,0,0,,,,0,6,2007,WD,Normal,193582.26
847,2308,120,RL,34.0,4590,Pave,,Reg,Lvl,AllPub,Inside,Gtl,NridgHt,Norm,Norm,Twnhs,1Story,8,5,2006,2006,Gable,CompShg,VinylSd,VinylSd,Stone,108.0,Gd,TA,PConc,Gd,Gd,Mn,GLQ,24.0,Unf,0.0,1530.0,1554.0,GasA,Ex,Y,SBrkr,1554,0,0,1554,0.0,0.0,2,0,2,1,Gd,6,Typ,1,Gd,Attchd,2006.0,RFn,2.0,627.0,TA,TA,Y,156,73,0,0,0,0,,,,0,5,2007,CWD,Normal,219500.585
848,2309,120,RL,48.0,7841,Pave,,IR1,Lvl,AllPub,Inside,Gtl,NridgHt,Norm,Norm,TwnhsE,1Story,9,5,2005,2005,Hip,CompShg,MetalSd,MetalSd,BrkFace,394.0,Ex,TA,PConc,Ex,TA,No,GLQ,848.0,Unf,0.0,729.0,1577.0,GasA,Ex,Y,SBrkr,1577,0,0,1577,1.0,0.0,2,0,2,1,Ex,6,Typ,1,Gd,Attchd,2005.0,RFn,2.0,564.0,TA,TA,Y,203,39,0,0,0,0,,,,0,5,2007,WD,Normal,275451.79
849,2310,120,RL,48.0,6240,Pave,,Reg,Lvl,AllPub,Inside,Gtl,NridgHt,Norm,Norm,TwnhsE,1Story,8,5,2006,2006,Hip,CompShg,MetalSd,MetalSd,BrkFace,176.0,Gd,TA,PConc,Gd,TA,No,GLQ,24.0,Unf,0.0,1300.0,1324.0,GasA,Ex,Y,SBrkr,1324,0,0,1324,0.0,0.0,2,0,2,1,Gd,6,Typ,1,Gd,Attchd,2006.0,Fin,2.0,550.0,TA,TA,Y,0,38,0,0,0,0,,,,0,9,2007,New,Partial,214105.145
850,2311,120,RL,48.0,3242,Pave,,Reg,Lvl,AllPub,Inside,Gtl,NridgHt,Norm,Norm,TwnhsE,1Story,7,5,2003,2003,Gable,CompShg,VinylSd,Wd Shng,Stone,235.0,Gd,TA,PConc,Gd,TA,No,GLQ,1000.0,Unf,0.0,405.0,1405.0,GasA,Ex,Y,SBrkr,1405,0,0,1405,1.0,0.0,2,0,2,1,Gd,6,Typ,1,Gd,Attchd,2003.0,RFn,2.0,478.0,TA,TA,Y,136,36,0,0,0,0,,,,0,3,2007,WD,Normal,196781.14
851,2312,60,RL,59.0,15810,Pave,,IR1,Lvl,AllPub,Inside,Gtl,Gilbert,RRAn,Norm,1Fam,2Story,6,5,2007,2007,Gable,CompShg,VinylSd,VinylSd,,,Gd,TA,CBlock,Gd,TA,No,Unf,0.0,Unf,0.0,768.0,768.0,GasA,Ex,Y,SBrkr,768,728,0,1496,0.0,0.0,3,0,3,1,Gd,7,Typ,0,,Attchd,2007.0,Unf,2.0,572.0,TA,TA,Y,100,0,0,0,0,0,,,,0,5,2007,New,Partial,178936.79
852,2313,60,RL,65.0,10237,Pave,,Reg,Lvl,AllPub,Inside,Gtl,Gilbert,RRAn,Norm,1Fam,2Story,6,5,2005,2006,Gable,CompShg,VinylSd,VinylSd,,0.0,Gd,TA,PConc,Gd,TA,No,Unf,0.0,Unf,0.0,768.0,768.0,GasA,Ex,Y,SBrkr,768,768,0,1536,0.0,0.0,2,1,3,1,Gd,6,Typ,1,Gd,Attchd,2005.0,Fin,2.0,400.0,TA,TA,Y,100,38,0,0,0,0,,,,0,6,2007,WD,Normal,180068.265
853,2314,60,RL,58.0,13204,Pave,,IR1,Lvl,AllPub,Inside,Gtl,Gilbert,RRAn,Norm,1Fam,2Story,7,5,2006,2007,Gable,CompShg,VinylSd,VinylSd,Stone,44.0,TA,TA,PConc,Gd,TA,No,Unf,0.0,Unf,0.0,608.0,608.0,GasA,Ex,Y,SBrkr,608,850,0,1458,0.0,0.0,2,0,3,1,Gd,6,Typ,0,,BuiltIn,2007.0,Fin,2.0,454.0,TA,TA,Y,100,33,0,0,0,0,,,,0,5,2007,New,Partial,184253.625
854,2315,60,RL,62.0,8857,Pave,,IR1,Lvl,AllPub,Inside,Gtl,Gilbert,Norm,Norm,1Fam,2Story,6,5,2006,2006,Gable,CompShg,VinylSd,VinylSd,,0.0,Gd,TA,PConc,Gd,TA,No,Unf,0.0,Unf,0.0,738.0,738.0,GasA,Ex,Y,SBrkr,738,757,0,1495,0.0,0.0,2,1,3,1,Gd,7,Typ,1,Gd,Attchd,2006.0,RFn,2.0,440.0,TA,TA,Y,100,30,0,0,0,0,,,,0,3,2007,New,Partial,178096.65
855,2316,60,RL,63.0,9729,Pave,,IR1,Lvl,AllPub,Inside,Gtl,Gilbert,Norm,Norm,1Fam,2Story,6,5,2006,2007,Gable,CompShg,VinylSd,VinylSd,,0.0,Gd,TA,PConc,Gd,TA,No,Unf,0.0,Unf,0.0,698.0,698.0,GasA,Ex,Y,SBrkr,698,1048,0,1746,1.0,0.0,2,1,3,1,Gd,6,Typ,1,Gd,BuiltIn,2007.0,Unf,3.0,350.0,TA,TA,Y,0,34,0,0,0,0,,,,0,6,2007,New,Partial,199239.875
856,2317,20,RL,88.0,12216,Pave,,IR1,Lvl,AllPub,Corner,Gtl,Gilbert,Norm,Norm,1Fam,1Story,6,5,2005,2005,Gable,CompShg,VinylSd,VinylSd,,0.0,TA,TA,PConc,Gd,TA,Av,GLQ,918.0,Unf,0.0,408.0,1326.0,GasA,Ex,Y,SBrkr,1326,0,0,1326,1.0,0.0,2,0,3,1,Gd,6,Typ,0,,Attchd,2005.0,Fin,2.0,388.0,TA,TA,Y,120,23,0,0,0,0,,,Shed,2000,6,2007,WD,Normal,190360.85
857,2318,60,RL,72.0,8229,Pave,,IR1,Lvl,AllPub,Inside,Gtl,Gilbert,Norm,Norm,1Fam,2Story,6,5,2007,2007,Gable,CompShg,VinylSd,VinylSd,Stone,22.0,Gd,TA,PConc,Gd,TA,Av,Unf,0.0,Unf,0.0,752.0,752.0,GasA,Ex,Y,SBrkr,752,752,0,1504,0.0,0.0,2,1,3,1,Gd,6,Typ,0,,Attchd,2007.0,Fin,2.0,440.0,TA,TA,Y,100,32,0,0,0,0,,,,0,12,2007,New,Partial,183140.5
858,2319,60,RL,64.0,7713,Pave,,Reg,Lvl,AllPub,Inside,Gtl,Gilbert,Norm,Norm,1Fam,2Story,7,5,2007,2007,Gable,CompShg,VinylSd,VinylSd,Stone,16.0,Gd,TA,PConc,Gd,TA,No,Unf,0.0,Unf,0.0,728.0,728.0,GasA,Ex,Y,SBrkr,728,728,0,1456,0.0,0.0,2,1,3,1,Gd,7,Typ,0,,Attchd,2007.0,Fin,2.0,400.0,TA,TA,Y,100,24,0,0,0,0,,,,0,7,2007,New,Partial,181858.595
859,2320,20,RL,64.0,7697,Pave,,Reg,Lvl,AllPub,Inside,Gtl,Gilbert,Norm,Norm,1Fam,1Story,7,6,2007,2007,Gable,CompShg,VinylSd,VinylSd,BrkFace,0.0,Gd,TA,PConc,Gd,TA,No,Unf,0.0,Unf,0.0,1246.0,1246.0,GasA,Ex,Y,SBrkr,1258,0,0,1258,0.0,0.0,2,0,3,1,Gd,6,Typ,0,,Attchd,2007.0,RFn,2.0,462.0,TA,TA,Y,0,0,0,0,0,0,,,,0,8,2007,New,Partial,190238.875
860,2321,120,RL,,3621,Pave,,Reg,Lvl,AllPub,Inside,Gtl,Blmngtn,Norm,Norm,TwnhsE,1Story,8,5,2003,2003,Hip,CompShg,VinylSd,VinylSd,BrkFace,72.0,Gd,TA,PConc,Gd,TA,Gd,GLQ,1084.0,Unf,0.0,322.0,1406.0,GasA,Ex,Y,SBrkr,1589,0,0,1589,1.0,0.0,2,0,2,1,Gd,7,Typ,1,TA,Attchd,2003.0,Fin,3.0,630.0,TA,TA,Y,143,20,0,0,0,0,,,,0,11,2007,WD,Normal,239227.27
861,2322,20,RL,53.0,3710,Pave,,Reg,Lvl,AllPub,Inside,Gtl,Blmngtn,Norm,Norm,1Fam,1Story,7,5,2007,2007,Gable,CompShg,VinylSd,VinylSd,BrkFace,16.0,Gd,TA,PConc,Gd,TA,Av,Unf,0.0,Unf,0.0,1266.0,1266.0,GasA,Ex,Y,SBrkr,1266,0,0,1266,0.0,0.0,2,0,2,1,Gd,6,Typ,1,Gd,Attchd,2007.0,Fin,2.0,388.0,TA,TA,Y,100,16,0,0,0,0,,,,0,8,2007,New,Partial,173936.1
862,2323,80,RL,65.0,16219,Pave,,IR2,Lvl,AllPub,Inside,Gtl,Gilbert,Norm,Norm,1Fam,SLvl,7,5,2004,2005,Gable,CompShg,VinylSd,VinylSd,,0.0,Gd,TA,PConc,Gd,TA,Gd,GLQ,779.0,Unf,0.0,56.0,835.0,GasA,Ex,Y,SBrkr,1119,0,0,1119,1.0,0.0,2,0,2,1,Gd,5,Typ,0,,Attchd,2004.0,Fin,2.0,437.0,TA,TA,Y,100,24,0,0,0,0,,,,0,4,2007,WD,Normal,185454.775
863,2324,80,RL,87.0,11084,Pave,,IR1,Lvl,AllPub,Corner,Gtl,Gilbert,Norm,Norm,1Fam,SLvl,7,5,2004,2004,Gable,CompShg,VinylSd,VinylSd,,0.0,Gd,TA,PConc,Gd,TA,No,GLQ,192.0,Unf,0.0,192.0,384.0,GasA,Ex,Y,SBrkr,744,630,0,1374,1.0,0.0,2,1,3,1,Gd,8,Typ,1,Gd,BuiltIn,2004.0,Fin,2.0,400.0,TA,TA,Y,100,0,0,0,0,0,,,,0,6,2007,WD,Family,189029.14
864,2325,20,RL,59.0,10936,Pave,,IR1,Lvl,AllPub,Inside,Gtl,Gilbert,Norm,Norm,1Fam,1Story,7,5,2006,2006,Gable,CompShg,VinylSd,VinylSd,,0.0,Gd,TA,PConc,Gd,TA,Av,Unf,0.0,Unf,0.0,1510.0,1510.0,GasA,Ex,Y,SBrkr,1525,0,0,1525,0.0,0.0,2,1,3,1,Gd,6,Typ,1,Gd,Attchd,2006.0,RFn,2.0,534.0,TA,TA,Y,100,18,0,0,0,0,,,,0,4,2007,New,Partial,211702.545
865,2326,80,RL,,11950,Pave,,IR1,Lvl,AllPub,Corner,Gtl,Gilbert,Norm,Norm,1Fam,SLvl,7,5,2003,2003,Gable,CompShg,VinylSd,VinylSd,,,Gd,TA,PConc,Gd,TA,No,Unf,0.0,Unf,0.0,384.0,384.0,GasA,Ex,Y,SBrkr,754,640,0,1394,0.0,0.0,2,1,3,1,Gd,7,Typ,1,TA,BuiltIn,2003.0,Fin,2.0,400.0,TA,TA,Y,100,0,0,0,0,0,,,,0,10,2007,WD,Normal,185893.53
866,2327,60,RL,63.0,7875,Pave,,Reg,Lvl,AllPub,Inside,Gtl,Gilbert,Norm,Norm,1Fam,2Story,7,5,2003,2003,Gable,CompShg,VinylSd,VinylSd,BrkFace,16.0,Gd,TA,PConc,Gd,TA,No,Unf,0.0,Unf,0.0,847.0,847.0,GasA,Ex,Y,SBrkr,847,1101,0,1948,0.0,0.0,2,1,4,1,Gd,8,Typ,1,Gd,BuiltIn,2003.0,Fin,2.0,434.0,TA,TA,Y,0,48,0,0,0,0,,,,0,7,2007,WD,Normal,208140.24
867,2328,60,RL,,8740,Pave,,IR1,Lvl,AllPub,Inside,Gtl,Gilbert,Norm,Norm,1Fam,2Story,7,5,2002,2002,Gable,CompShg,VinylSd,VinylSd,,0.0,Gd,TA,PConc,Gd,TA,No,GLQ,574.0,Unf,0.0,280.0,854.0,GasA,Ex,Y,SBrkr,864,1131,0,1995,0.0,0.0,2,1,4,1,Gd,8,Typ,1,Gd,BuiltIn,2002.0,Fin,2.0,435.0,TA,TA,Y,264,48,0,0,0,0,,,,0,7,2007,WD,Normal,217903.635
868,2329,60,RL,58.0,9487,Pave,,IR1,Lvl,AllPub,Inside,Gtl,Gilbert,Norm,Norm,1Fam,2Story,6,5,2000,2000,Gable,CompShg,VinylSd,VinylSd,,0.0,TA,TA,PConc,Gd,TA,No,GLQ,520.0,Unf,0.0,395.0,915.0,GasA,Ex,Y,SBrkr,940,750,0,1690,1.0,0.0,2,1,3,1,TA,7,Typ,1,TA,Attchd,2000.0,RFn,2.0,442.0,TA,TA,Y,0,50,0,0,0,0,,,,0,6,2007,WD,Normal,183884.5
869,2330,60,RL,59.0,9649,Pave,,IR1,Lvl,AllPub,Inside,Gtl,Gilbert,Norm,Norm,1Fam,2Story,6,5,1999,2000,Gable,CompShg,VinylSd,VinylSd,,0.0,TA,TA,PConc,Gd,TA,No,Unf,0.0,Unf,0.0,941.0,941.0,GasA,Ex,Y,SBrkr,961,683,0,1644,0.0,0.0,2,1,3,1,TA,7,Typ,1,TA,Attchd,1999.0,RFn,2.0,460.0,TA,TA,Y,460,42,0,0,0,0,,,,0,5,2007,WD,Normal,179123.825
870,2331,60,RL,100.0,12191,Pave,,IR1,Lvl,AllPub,Inside,Gtl,NoRidge,Norm,Norm,1Fam,2Story,8,5,1997,1998,Hip,CompShg,VinylSd,VinylSd,BrkFace,515.0,Gd,TA,PConc,Gd,TA,Av,GLQ,1181.0,Unf,0.0,598.0,1779.0,GasA,Ex,Y,SBrkr,1779,772,0,2551,1.0,0.0,2,1,4,1,Gd,8,Typ,2,TA,Attchd,1998.0,Fin,3.0,925.0,TA,TA,Y,76,61,0,0,0,0,,,,0,6,2007,WD,Normal,330453.775
871,2332,60,RL,89.0,10557,Pave,,IR1,Lvl,AllPub,Inside,Gtl,NoRidge,Norm,Norm,1Fam,2Story,9,5,1998,1998,Gable,CompShg,MetalSd,MetalSd,BrkFace,422.0,Gd,TA,PConc,Ex,TA,Gd,GLQ,672.0,Unf,0.0,736.0,1408.0,GasA,Ex,Y,SBrkr,1671,1407,0,3078,1.0,0.0,2,1,4,1,Gd,9,Typ,1,TA,Attchd,1998.0,Fin,3.0,806.0,TA,TA,Y,108,87,0,0,0,0,,,,0,7,2007,WD,Normal,328213.13
872,2333,60,RL,74.0,11002,Pave,,IR1,Lvl,AllPub,Inside,Gtl,NoRidge,Norm,Norm,1Fam,2Story,8,5,1998,1999,Gable,CompShg,VinylSd,VinylSd,,0.0,Gd,TA,PConc,Gd,TA,No,GLQ,1048.0,Unf,0.0,341.0,1389.0,GasA,Ex,Y,SBrkr,1411,1171,0,2582,1.0,0.0,2,1,4,1,Gd,9,Typ,1,TA,Attchd,1998.0,Fin,3.0,758.0,TA,TA,Y,286,60,0,0,0,0,,,,0,1,2007,WD,Normal,290563.94
873,2334,60,RL,83.0,10790,Pave,,Reg,Lvl,AllPub,Inside,Gtl,NoRidge,Norm,Norm,1Fam,2Story,7,5,1998,1998,Gable,CompShg,VinylSd,VinylSd,BrkFace,275.0,Gd,TA,PConc,Gd,TA,No,Unf,0.0,Unf,0.0,1066.0,1066.0,GasA,Ex,Y,SBrkr,1108,1277,0,2385,0.0,0.0,2,1,4,1,Gd,8,Typ,1,TA,BuiltIn,1998.0,Fin,3.0,600.0,TA,TA,Y,120,38,0,0,0,0,,,,0,5,2007,WD,Normal,255669.03
874,2335,60,RL,88.0,11762,Pave,,Reg,Lvl,AllPub,Inside,Gtl,NoRidge,Norm,Norm,1Fam,2Story,8,5,1992,1993,Gable,CompShg,VinylSd,VinylSd,BrkFace,309.0,Gd,TA,PConc,Ex,TA,No,GLQ,335.0,Unf,0.0,770.0,1105.0,GasA,Ex,Y,SBrkr,1105,1097,0,2202,1.0,0.0,2,1,4,1,Gd,9,Typ,1,TA,Attchd,1992.0,RFn,2.0,517.0,TA,TA,Y,0,65,0,0,144,0,,,,0,9,2007,WD,Normal,265273.86
875,2336,60,RL,82.0,9044,Pave,,IR1,Lvl,AllPub,Inside,Gtl,NoRidge,Norm,Norm,1Fam,2Story,8,5,1996,1997,Gable,CompShg,VinylSd,VinylSd,BrkFace,526.0,Gd,Gd,PConc,Gd,TA,No,GLQ,1225.0,Unf,0.0,100.0,1325.0,GasA,Ex,Y,SBrkr,1335,1203,0,2538,0.0,0.0,2,1,4,1,Gd,8,Typ,1,TA,Attchd,1996.0,RFn,3.0,933.0,TA,TA,Y,198,92,0,0,0,0,,,,0,5,2007,WD,Normal,307436.31
876,2337,20,RL,75.0,9910,Pave,,Reg,Lvl,AllPub,Inside,Gtl,Somerst,Feedr,Norm,1Fam,1Story,7,6,2007,2007,Gable,CompShg,VinylSd,VinylSd,,0.0,Gd,TA,PConc,Gd,TA,No,Unf,0.0,Unf,0.0,1369.0,1369.0,GasA,Ex,Y,SBrkr,1369,0,0,1369,0.0,0.0,2,0,3,1,Gd,5,Typ,0,,Attchd,2007.0,Unf,2.0,605.0,TA,TA,Y,0,203,0,0,0,0,,,,0,9,2007,New,Partial,202039.985
877,2338,20,RL,91.0,11830,Pave,,Reg,Lvl,AllPub,Inside,Gtl,Somerst,Feedr,Norm,1Fam,1Story,8,5,2007,2007,Gable,CompShg,VinylSd,VinylSd,BrkFace,164.0,Gd,TA,PConc,Gd,TA,No,GLQ,1220.0,Unf,0.0,322.0,1542.0,GasA,Ex,Y,SBrkr,1542,0,0,1542,1.0,0.0,2,0,3,1,Gd,6,Typ,1,Gd,Attchd,2007.0,Unf,3.0,852.0,TA,TA,Y,168,110,0,0,0,0,,,,0,7,2007,New,Partial,265526.11
878,2339,20,RL,76.0,10612,Pave,,Reg,Lvl,AllPub,Inside,Gtl,Somerst,Norm,Norm,1Fam,1Story,8,5,2006,2006,Gable,CompShg,VinylSd,VinylSd,BrkFace,248.0,Gd,TA,PConc,Gd,TA,Mn,GLQ,28.0,Unf,0.0,1496.0,1524.0,GasA,Gd,Y,SBrkr,1534,0,0,1534,0.0,0.0,2,0,3,1,Gd,7,Typ,1,Gd,Attchd,2006.0,Fin,2.0,484.0,TA,TA,Y,168,46,0,0,0,0,,,,0,1,2007,WD,Family,227331.94
879,2340,20,RL,98.0,12291,Pave,,IR1,Lvl,AllPub,Inside,Gtl,Somerst,Norm,Norm,1Fam,1Story,10,5,2007,2007,Hip,CompShg,CemntBd,CmentBd,BrkFace,754.0,Ex,TA,PConc,Ex,TA,Av,GLQ,1572.0,Unf,0.0,394.0,1966.0,GasA,Ex,Y,SBrkr,1966,0,0,1966,1.0,0.0,2,0,1,1,Ex,6,Typ,1,Gd,Attchd,2007.0,Fin,3.0,1092.0,TA,TA,Y,76,52,0,0,0,0,,,,0,10,2007,New,Partial,380079.325
880,2341,20,RL,85.0,9965,Pave,,Reg,Lvl,AllPub,FR2,Gtl,Somerst,Feedr,Norm,1Fam,1Story,7,5,2007,2007,Gable,CompShg,VinylSd,VinylSd,,,Gd,TA,PConc,Gd,TA,No,Unf,0.0,Unf,0.0,1528.0,1528.0,GasA,Ex,Y,SBrkr,1528,0,0,1528,0.0,0.0,3,2,3,1,Gd,6,Typ,1,TA,Attchd,2007.0,Unf,2.0,480.0,TA,TA,Y,0,228,0,0,0,0,,,,0,9,2007,New,Partial,219599.195
881,2342,20,RL,74.0,8847,Pave,,Reg,Lvl,AllPub,Inside,Gtl,Somerst,Norm,Norm,1Fam,1Story,8,5,2005,2005,Gable,CompShg,VinylSd,VinylSd,BrkFace,148.0,Gd,TA,PConc,Gd,TA,Av,GLQ,769.0,Unf,0.0,769.0,1538.0,GasA,Ex,Y,SBrkr,1538,0,0,1538,1.0,0.0,2,0,3,1,Gd,7,Typ,0,,Attchd,2005.0,RFn,2.0,484.0,TA,TA,Y,146,40,0,0,0,0,,,,0,12,2007,WD,Normal,226426.145
882,2343,20,RL,70.0,8251,Pave,,Reg,Lvl,AllPub,Inside,Gtl,Somerst,Norm,Norm,1Fam,1Story,7,5,2005,2006,Gable,CompShg,VinylSd,VinylSd,BrkFace,143.0,Gd,TA,PConc,Gd,Gd,Av,GLQ,778.0,Unf,0.0,716.0,1494.0,GasA,Ex,Y,SBrkr,1506,0,0,1506,1.0,0.0,2,0,3,1,Gd,7,Typ,1,Gd,Attchd,2005.0,RFn,2.0,672.0,TA,TA,Y,192,35,0,0,0,0,,,,0,4,2007,WD,Normal,221108.28
883,2344,60,RL,70.0,9605,Pave,,Reg,Lvl,AllPub,Inside,Gtl,Somerst,Norm,Norm,1Fam,2Story,7,5,2006,2006,Gable,CompShg,VinylSd,VinylSd,,0.0,Gd,TA,PConc,Gd,TA,No,Unf,0.0,Unf,0.0,982.0,982.0,GasA,Ex,Y,SBrkr,982,995,0,1977,0.0,0.0,2,1,3,1,Gd,7,Typ,0,,Attchd,2006.0,RFn,3.0,574.0,TA,TA,Y,240,53,0,0,0,0,,,,0,7,2007,WD,Family,224654.915
884,2345,60,RL,75.0,8778,Pave,,Reg,Lvl,AllPub,Inside,Gtl,Somerst,Norm,Norm,1Fam,2Story,8,5,2006,2006,Gable,CompShg,VinylSd,VinylSd,,0.0,Gd,TA,PConc,Gd,TA,No,Unf,0.0,Unf,0.0,1302.0,1302.0,GasA,Ex,Y,SBrkr,1302,528,0,1830,0.0,0.0,2,1,3,1,Gd,7,Typ,0,,BuiltIn,2006.0,RFn,3.0,859.0,TA,TA,Y,0,40,0,0,0,0,,,,0,3,2007,WD,Normal,232853.795
885,2346,20,FV,72.0,8640,Pave,,Reg,Lvl,AllPub,Inside,Gtl,Somerst,Norm,Norm,1Fam,1Story,8,5,2007,2007,Gable,CompShg,VinylSd,VinylSd,,0.0,Gd,TA,PConc,Gd,TA,No,GLQ,24.0,Unf,0.0,1314.0,1338.0,GasA,Ex,Y,SBrkr,1338,0,0,1338,0.0,0.0,2,0,3,1,Gd,6,Typ,0,,Attchd,2007.0,RFn,2.0,598.0,TA,TA,Y,0,141,0,0,0,0,,,,0,11,2007,New,Partial,215226.36
886,2347,20,FV,75.0,9000,Pave,,Reg,Lvl,AllPub,Inside,Gtl,Somerst,Norm,Norm,1Fam,1Story,7,5,2006,2007,Gable,CompShg,VinylSd,VinylSd,,0.0,Gd,TA,PConc,Gd,TA,No,Unf,0.0,Unf,0.0,1335.0,1335.0,GasA,Ex,Y,SBrkr,1335,0,0,1335,0.0,0.0,2,0,3,1,Gd,6,Typ,0,,Attchd,2007.0,RFn,2.0,575.0,TA,TA,Y,0,210,0,0,0,0,,,,0,6,2007,New,Partial,202970.245
887,2348,60,FV,72.0,8640,Pave,,Reg,Lvl,AllPub,Inside,Gtl,Somerst,Norm,Norm,1Fam,2Story,8,5,2007,2007,Gable,CompShg,VinylSd,VinylSd,,0.0,Gd,TA,PConc,Gd,TA,Av,GLQ,350.0,Unf,0.0,546.0,896.0,GasA,Ex,Y,SBrkr,896,896,0,1792,0.0,0.0,2,1,3,1,Gd,8,Typ,0,,Attchd,2007.0,Fin,2.0,590.0,TA,TA,Y,184,96,0,0,0,0,,,,0,11,2007,New,Partial,227439.045
888,2349,60,FV,81.0,10411,Pave,,Reg,Lvl,AllPub,Corner,Gtl,Somerst,Norm,Norm,1Fam,2Story,5,5,2007,2007,Gable,CompShg,VinylSd,VinylSd,,0.0,Gd,TA,CBlock,Gd,TA,,Unf,0.0,Unf,0.0,725.0,725.0,GasA,Ex,Y,SBrkr,725,863,0,1588,0.0,0.0,3,0,3,1,Gd,8,Typ,0,,Attchd,2007.0,Unf,2.0,561.0,TA,TA,Y,0,0,0,0,0,0,,,,0,7,2007,New,Partial,186842.73
889,2350,60,FV,112.0,12217,Pave,,IR1,Lvl,AllPub,Inside,Gtl,Somerst,Norm,Norm,1Fam,2Story,8,5,2007,2007,Hip,CompShg,WdShing,Wd Shng,,,Gd,TA,PConc,Ex,TA,Av,GLQ,745.0,Unf,0.0,210.0,955.0,GasA,Ex,Y,SBrkr,955,925,0,1880,1.0,0.0,2,1,3,1,Ex,8,Typ,1,Gd,Attchd,2007.0,Fin,3.0,880.0,TA,TA,Y,168,127,0,0,0,0,,,,0,12,2007,New,Partial,301225.515
890,2351,20,FV,84.0,10440,Pave,,Reg,Lvl,AllPub,Corner,Gtl,Somerst,Norm,Norm,1Fam,1Story,8,5,2007,2007,Gable,CompShg,CemntBd,CmentBd,,0.0,Ex,TA,PConc,Gd,TA,Mn,Unf,0.0,Unf,0.0,1574.0,1574.0,GasA,Ex,Y,SBrkr,1584,0,0,1584,0.0,0.0,2,0,2,1,Ex,6,Typ,1,Gd,Attchd,2007.0,Fin,2.0,594.0,TA,TA,Y,0,256,0,0,0,0,,,,0,5,2007,New,Partial,259511.34
891,2352,20,FV,100.0,11824,Pave,,IR1,Lvl,AllPub,Corner,Gtl,Somerst,Norm,Norm,1Fam,1Story,8,5,2006,2006,Gable,CompShg,VinylSd,VinylSd,BrkFace,298.0,Gd,TA,PConc,Gd,TA,Av,Unf,0.0,Unf,0.0,1685.0,1685.0,GasA,Ex,Y,SBrkr,1685,0,0,1685,0.0,0.0,2,0,2,1,Gd,5,Typ,1,Gd,Attchd,2006.0,Fin,3.0,658.0,TA,TA,Y,112,63,0,0,0,0,,,,0,4,2007,WD,Normal,252564.045
892,2353,60,FV,85.0,10625,Pave,,Reg,Lvl,AllPub,Inside,Gtl,Somerst,Norm,Norm,1Fam,2Story,6,5,2004,2004,Gable,CompShg,VinylSd,VinylSd,BrkFace,353.0,Gd,TA,PConc,Gd,TA,Av,Unf,0.0,Unf,0.0,1158.0,1158.0,GasA,Ex,Y,SBrkr,1158,1285,0,2443,0.0,0.0,2,1,4,1,Gd,9,Min2,1,Gd,BuiltIn,2004.0,RFn,3.0,744.0,TA,TA,Y,193,127,0,0,0,0,,,,0,6,2007,WD,Normal,272116.975
893,2354,20,RL,63.0,7500,Pave,,Reg,Lvl,AllPub,Inside,Gtl,SawyerW,Norm,Norm,1Fam,1Story,6,5,2006,2007,Gable,CompShg,VinylSd,VinylSd,,0.0,TA,TA,PConc,Gd,TA,No,Unf,0.0,Unf,0.0,1100.0,1100.0,GasA,Ex,Y,SBrkr,1100,0,0,1100,0.0,0.0,1,1,3,1,TA,6,Typ,0,,,,,0.0,0.0,,,Y,0,136,0,0,0,0,,,,0,6,2007,New,Partial,132672.38
894,2355,20,RL,63.0,7500,Pave,,Reg,Lvl,AllPub,Inside,Gtl,SawyerW,Norm,Norm,1Fam,1Story,7,5,2006,2006,Gable,CompShg,VinylSd,VinylSd,,0.0,Gd,TA,PConc,Gd,Gd,No,Unf,0.0,Unf,0.0,1143.0,1143.0,GasA,Ex,Y,SBrkr,1143,0,0,1143,0.0,0.0,1,1,3,1,Gd,5,Typ,0,,,,,0.0,0.0,,,Y,0,55,0,0,0,0,,,,0,10,2007,WD,Normal,149516.38
895,2356,20,RL,60.0,12450,Pave,,Reg,Lvl,AllPub,Inside,Gtl,SawyerW,RRAe,Norm,1Fam,1Story,5,5,2003,2004,Gable,CompShg,VinylSd,VinylSd,BrkFace,126.0,Gd,TA,PConc,Gd,TA,No,GLQ,729.0,Unf,0.0,365.0,1094.0,GasA,Ex,Y,SBrkr,1094,0,0,1094,1.0,0.0,1,0,3,1,Gd,6,Typ,0,,Detchd,2004.0,Unf,2.0,576.0,TA,TA,Y,0,0,0,0,0,0,,,,0,5,2007,WD,Normal,161206.95
896,2357,20,RL,65.0,7441,Pave,,IR1,Lvl,AllPub,Inside,Gtl,SawyerW,Norm,Norm,1Fam,1Story,7,5,2006,2006,Gable,CompShg,VinylSd,VinylSd,BrkFace,170.0,Gd,TA,PConc,Gd,TA,No,Unf,0.0,Unf,0.0,1461.0,1461.0,GasA,Ex,Y,SBrkr,1486,0,0,1486,0.0,0.0,2,0,3,1,Gd,7,Typ,0,,Attchd,2006.0,RFn,2.0,566.0,TA,TA,Y,0,32,0,0,0,0,,,,0,6,2007,WD,Normal,207617.835
897,2358,60,RL,,11613,Pave,,IR2,Lvl,AllPub,Corner,Gtl,SawyerW,Norm,Norm,1Fam,2Story,6,5,1993,1997,Gable,CompShg,VinylSd,VinylSd,,0.0,Gd,TA,PConc,Gd,TA,No,ALQ,480.0,Unf,0.0,384.0,864.0,GasA,Ex,Y,SBrkr,920,900,0,1820,0.0,0.0,2,1,3,1,Gd,7,Typ,0,,Attchd,1993.0,RFn,2.0,492.0,TA,TA,Y,144,85,0,0,0,0,,GdPrv,,0,5,2007,WD,Normal,205363.75
898,2359,160,RL,50.0,8012,Pave,,Reg,Lvl,AllPub,Inside,Gtl,SawyerW,Norm,Norm,TwnhsE,2Story,6,5,1980,1980,Gable,CompShg,Plywood,Plywood,,0.0,TA,TA,CBlock,TA,TA,No,Unf,0.0,Unf,0.0,630.0,630.0,GasA,Ex,Y,SBrkr,630,636,0,1266,0.0,0.0,1,1,2,1,TA,5,Typ,2,TA,Attchd,1980.0,RFn,1.0,283.0,TA,TA,Y,340,0,0,0,0,0,,MnPrv,,0,7,2007,WD,Normal,132190.985
899,2360,20,RL,64.0,6285,Pave,,Reg,Lvl,AllPub,Inside,Gtl,Sawyer,Norm,Norm,1Fam,1Story,5,5,1977,1977,Gable,CompShg,Plywood,Plywood,,0.0,TA,TA,CBlock,Gd,TA,No,LwQ,138.0,Rec,351.0,405.0,894.0,GasA,TA,Y,SBrkr,894,0,0,894,1.0,0.0,1,0,2,1,TA,5,Typ,0,,Detchd,1979.0,Unf,1.0,308.0,TA,TA,Y,192,0,0,0,0,0,,,,0,3,2007,WD,Normal,124858.39
900,2361,20,RL,84.0,7476,Pave,,Reg,Lvl,AllPub,Corner,Gtl,Sawyer,Norm,Norm,1Fam,1Story,5,7,1968,1968,Gable,CompShg,HdBoard,HdBoard,,0.0,TA,TA,CBlock,TA,TA,No,Rec,812.0,Unf,0.0,228.0,1040.0,GasA,TA,Y,SBrkr,1040,0,0,1040,1.0,0.0,1,1,3,1,TA,5,Typ,0,,Detchd,1991.0,Fin,2.0,686.0,TA,TA,Y,188,0,0,0,0,0,,,,0,6,2007,WD,Normal,140422.1
901,2362,60,RL,,19522,Pave,,IR1,Bnk,AllPub,Inside,Gtl,Veenker,Norm,Norm,1Fam,2Story,7,5,1990,1990,Gable,CompShg,HdBoard,HdBoard,BrkFace,272.0,Gd,TA,PConc,Gd,TA,No,GLQ,727.0,Unf,0.0,496.0,1223.0,GasA,Gd,Y,SBrkr,1271,1232,0,2503,1.0,0.0,2,1,3,1,Gd,7,Typ,1,TA,Attchd,1990.0,RFn,2.0,564.0,TA,TA,Y,0,99,0,0,182,0,,,,0,2,2007,WD,Normal,256718.625
902,2363,20,RL,44.0,10751,Pave,,IR1,Lvl,AllPub,CulDSac,Gtl,Sawyer,RRAe,Norm,1Fam,1Story,5,5,1974,1974,Gable,CompShg,Plywood,Plywood,BrkFace,44.0,TA,TA,CBlock,Fa,TA,Gd,ALQ,787.0,Unf,0.0,250.0,1037.0,GasA,TA,Y,SBrkr,1037,0,0,1037,1.0,0.0,1,0,2,1,TA,5,Typ,0,,Attchd,1974.0,RFn,2.0,431.0,TA,TA,Y,136,47,0,0,0,0,,,,0,8,2007,WD,Normal,143150.0
903,2364,20,RL,43.0,12712,Pave,,IR1,Lvl,AllPub,CulDSac,Gtl,Sawyer,RRAe,Norm,1Fam,1Story,6,7,1973,2006,Gable,CompShg,CemntBd,CmentBd,,0.0,TA,TA,CBlock,Gd,TA,Mn,ALQ,968.0,Unf,0.0,76.0,1044.0,GasA,TA,Y,SBrkr,1055,0,0,1055,1.0,0.0,1,0,2,1,Gd,5,Typ,1,TA,Attchd,1973.0,RFn,2.0,542.0,TA,TA,Y,455,0,0,0,0,0,,,,0,1,2007,WD,Abnorml,168964.085
904,2365,120,FV,45.0,4379,Pave,,IR1,Lvl,AllPub,FR2,Gtl,Somerst,Norm,Norm,TwnhsE,1Story,8,5,2004,2004,Gable,CompShg,MetalSd,MetalSd,,0.0,Gd,TA,PConc,Gd,TA,Av,GLQ,851.0,Unf,0.0,527.0,1378.0,GasA,Ex,Y,SBrkr,1378,0,0,1378,1.0,0.0,2,0,2,1,Gd,6,Typ,1,Gd,Attchd,2004.0,Fin,2.0,540.0,TA,TA,Y,160,56,0,0,0,0,,,,0,7,2007,WD,Normal,219781.735
905,2366,120,FV,80.0,3523,Pave,Pave,IR1,Lvl,AllPub,Inside,Gtl,Somerst,Norm,Norm,TwnhsE,1Story,8,5,2006,2007,Gable,CompShg,VinylSd,VinylSd,Stone,30.0,Gd,TA,PConc,Gd,TA,No,GLQ,60.0,Unf,0.0,1081.0,1141.0,GasA,Ex,Y,SBrkr,1151,0,0,1151,1.0,0.0,2,0,2,1,Gd,5,Typ,0,,Attchd,2006.0,Fin,2.0,484.0,TA,TA,Y,0,60,0,0,0,0,,,,0,2,2007,New,Partial,201467.77
906,2367,120,FV,32.0,3784,Pave,Pave,IR1,Lvl,AllPub,Inside,Gtl,Somerst,Norm,Norm,TwnhsE,1Story,8,5,2006,2007,Gable,CompShg,VinylSd,VinylSd,Stone,36.0,Gd,TA,PConc,Gd,TA,No,GLQ,60.0,Unf,0.0,1451.0,1511.0,GasA,Ex,Y,SBrkr,1565,0,0,1565,1.0,0.0,2,0,2,1,Gd,5,Typ,0,,Attchd,2006.0,Fin,2.0,476.0,TA,TA,Y,0,120,0,0,0,0,,,,0,2,2007,New,Partial,219913.25
907,2368,120,FV,40.0,3606,Pave,Pave,Reg,Lvl,AllPub,Inside,Gtl,Somerst,Norm,Norm,TwnhsE,1Story,7,5,2006,2007,Gable,CompShg,VinylSd,VinylSd,,0.0,Gd,TA,PConc,Ex,Gd,No,GLQ,937.0,Unf,0.0,415.0,1352.0,GasA,Ex,Y,SBrkr,1352,0,0,1352,1.0,0.0,2,0,2,1,Gd,5,Typ,1,Gd,Attchd,2006.0,RFn,2.0,466.0,TA,TA,Y,0,241,0,0,0,0,,,,0,8,2007,New,Partial,211604.54
908,2369,120,FV,30.0,5330,Pave,Pave,IR2,Lvl,AllPub,Inside,Gtl,Somerst,Norm,Norm,TwnhsE,1Story,8,5,2006,2007,Gable,CompShg,VinylSd,VinylSd,,,Gd,TA,PConc,Gd,TA,No,Unf,0.0,Unf,0.0,1550.0,1550.0,GasA,Ex,Y,SBrkr,1550,0,0,1550,0.0,0.0,2,1,2,1,Gd,5,Typ,0,,Attchd,2007.0,Fin,2.0,528.0,TA,TA,Y,0,102,0,0,0,0,,,,0,7,2007,New,Partial,219092.555
909,2370,160,FV,24.0,2280,Pave,Pave,Reg,Lvl,AllPub,Inside,Gtl,Somerst,Norm,Norm,Twnhs,2Story,6,5,1999,1999,Gable,CompShg,MetalSd,MetalSd,BrkFace,342.0,TA,TA,PConc,Gd,TA,No,GLQ,565.0,Unf,0.0,179.0,744.0,GasA,Gd,Y,SBrkr,757,744,0,1501,1.0,0.0,2,1,3,1,TA,6,Typ,1,TA,Detchd,1999.0,Unf,2.0,440.0,TA,TA,Y,0,0,0,0,0,0,,,,0,9,2007,WD,Normal,169068.445
910,2371,160,FV,24.0,2117,Pave,,Reg,Lvl,AllPub,Inside,Gtl,Somerst,Norm,Norm,Twnhs,2Story,6,5,2000,2000,Gable,CompShg,MetalSd,MetalSd,BrkFace,216.0,Gd,TA,PConc,Gd,TA,No,GLQ,417.0,Unf,0.0,339.0,756.0,GasA,Ex,Y,SBrkr,769,804,0,1573,0.0,0.0,2,1,3,1,Gd,4,Typ,0,,Detchd,2000.0,Unf,2.0,440.0,TA,TA,Y,0,32,0,0,0,0,,,,0,9,2007,WD,Normal,172238.86
911,2372,20,FV,73.0,7321,Pave,Pave,IR1,Lvl,AllPub,Inside,Gtl,Somerst,Norm,Norm,1Fam,1Story,7,5,1999,2000,Gable,CompShg,CemntBd,CmentBd,,0.0,Gd,TA,PConc,Gd,TA,No,Unf,0.0,Unf,0.0,1339.0,1339.0,GasA,Ex,Y,SBrkr,1358,0,0,1358,0.0,0.0,2,0,3,1,Gd,5,Typ,0,,Detchd,1999.0,Unf,2.0,625.0,TA,TA,Y,176,174,0,0,0,0,,,,0,12,2007,COD,Normal,184852.965
912,2373,60,FV,,8010,Pave,Pave,IR1,Lvl,AllPub,Inside,Gtl,Somerst,Norm,Norm,1Fam,2Story,8,5,2003,2004,Hip,CompShg,CemntBd,CmentBd,,0.0,Gd,TA,PConc,Ex,TA,No,GLQ,964.0,Unf,0.0,90.0,1054.0,GasA,Ex,Y,SBrkr,1072,976,0,2048,1.0,0.0,2,1,3,1,Gd,8,Typ,2,Gd,Detchd,2003.0,Unf,2.0,552.0,TA,TA,Y,0,48,0,0,180,0,,,,0,8,2007,WD,Normal,248539.62
913,2374,60,FV,106.0,8413,Pave,,IR1,Lvl,AllPub,Inside,Gtl,Somerst,Norm,Norm,1Fam,2Story,8,5,1998,1998,Gable,CompShg,VinylSd,VinylSd,,0.0,Gd,Gd,PConc,Ex,TA,Mn,GLQ,901.0,Unf,0.0,319.0,1220.0,GasA,Ex,Y,SBrkr,1220,1142,0,2362,1.0,0.0,2,1,3,1,Gd,8,Typ,2,TA,Attchd,1998.0,RFn,2.0,1105.0,Gd,TA,Y,147,0,36,0,144,0,,,,0,6,2007,WD,Normal,275882.435
914,2375,120,RL,50.0,9466,Pave,,IR2,Lvl,AllPub,FR2,Gtl,Veenker,Norm,Norm,TwnhsE,1Story,8,5,1994,1995,Gable,CompShg,BrkFace,BrkFace,,0.0,Gd,TA,PConc,Gd,TA,Gd,LwQ,457.0,ALQ,1037.0,0.0,1494.0,GasA,Ex,Y,SBrkr,1494,0,0,1494,1.0,0.0,1,1,1,1,Gd,5,Typ,1,Gd,Attchd,1994.0,Fin,2.0,478.0,TA,TA,Y,0,30,0,0,217,0,,,,0,5,2007,WD,Normal,243086.195
915,2376,20,RL,80.0,12000,Pave,,Reg,Lvl,AllPub,Inside,Gtl,Veenker,Norm,Norm,1Fam,1Story,7,6,1980,1980,Hip,CompShg,VinylSd,MetalSd,BrkFace,600.0,Gd,TA,CBlock,Gd,TA,No,GLQ,1732.0,Unf,0.0,270.0,2002.0,GasA,Ex,Y,SBrkr,2362,0,0,2362,1.0,0.0,2,1,3,1,Gd,8,Typ,1,TA,Attchd,1980.0,RFn,2.0,546.0,Gd,TA,Y,180,16,0,0,0,0,,,,0,3,2007,WD,Normal,247019.39
916,2377,20,RL,94.0,17778,Pave,,IR1,Lvl,AllPub,Inside,Gtl,Veenker,Norm,Norm,1Fam,1Story,8,5,1981,1981,Hip,CompShg,BrkFace,BrkFace,,0.0,Gd,TA,CBlock,Gd,TA,Gd,ALQ,1632.0,Rec,829.0,0.0,2461.0,GasA,Gd,Y,SBrkr,2497,0,0,2497,1.0,0.0,2,0,2,1,Gd,7,Typ,2,Gd,Attchd,1981.0,RFn,2.0,676.0,TA,TA,Y,266,0,0,0,0,0,,,,0,3,2007,WD,Normal,287851.91
917,2378,20,RL,78.0,11700,Pave,,Reg,Lvl,AllPub,Inside,Gtl,NWAmes,RRAn,Norm,1Fam,1Story,6,6,1968,1968,Gable,CompShg,MetalSd,MetalSd,BrkFace,41.0,TA,TA,CBlock,TA,TA,No,Unf,0.0,Unf,0.0,912.0,912.0,GasA,Ex,Y,SBrkr,1152,0,0,1152,1.0,0.0,1,1,3,1,TA,7,Typ,0,,Attchd,1968.0,RFn,2.0,412.0,TA,TA,Y,0,126,0,0,0,0,,,,0,9,2007,CWD,Normal,152606.75
918,2379,60,RL,80.0,8000,Pave,,Reg,Lvl,AllPub,Inside,Gtl,NWAmes,PosA,Norm,1Fam,2Story,6,6,1970,1970,Gable,CompShg,VinylSd,VinylSd,BrkFace,525.0,TA,TA,CBlock,TA,TA,No,Rec,915.0,Unf,0.0,93.0,1008.0,GasA,TA,Y,SBrkr,1403,1008,0,2411,1.0,0.0,2,1,4,1,TA,8,Typ,1,Po,Attchd,1970.0,RFn,2.0,570.0,TA,TA,Y,0,192,0,0,0,0,,,,0,6,2007,WD,Normal,189885.675
919,2380,85,RL,,8723,Pave,,IR1,Lvl,AllPub,Inside,Gtl,NWAmes,PosN,Norm,1Fam,SFoyer,6,6,1969,1969,Gable,CompShg,HdBoard,HdBoard,,0.0,TA,TA,PConc,Gd,TA,Av,BLQ,973.0,Unf,0.0,0.0,973.0,GasA,Ex,Y,SBrkr,1082,0,0,1082,1.0,0.0,1,0,3,1,TA,6,Typ,0,,Attchd,1969.0,Unf,2.0,480.0,TA,TA,Y,160,0,0,0,0,0,,,,0,1,2007,WD,Normal,150225.095
920,2381,20,RL,130.0,11700,Pave,,Reg,Lvl,AllPub,Corner,Gtl,NWAmes,Norm,Norm,1Fam,1Story,6,5,1968,1968,Gable,CompShg,HdBoard,HdBoard,BrkFace,196.0,TA,TA,PConc,Gd,TA,No,ALQ,910.0,Unf,0.0,385.0,1295.0,GasA,Fa,Y,SBrkr,1295,0,0,1295,1.0,0.0,1,1,3,1,TA,6,Typ,0,,Attchd,1968.0,Fin,2.0,528.0,TA,TA,Y,0,194,0,0,200,0,,,,0,4,2007,WD,Normal,160854.45
921,2382,20,RL,108.0,11358,Pave,,IR1,Lvl,AllPub,Corner,Gtl,NWAmes,Norm,Norm,1Fam,1Story,7,7,1972,1987,Hip,CompShg,Wd Sdng,Wd Sdng,,0.0,TA,TA,CBlock,TA,TA,No,BLQ,346.0,Unf,0.0,778.0,1124.0,GasA,TA,Y,SBrkr,1610,0,0,1610,0.0,0.0,2,0,3,1,Gd,8,Typ,1,TA,Attchd,1972.0,RFn,2.0,515.0,TA,TA,Y,202,0,0,0,256,0,,,,0,5,2007,WD,Normal,190756.885
922,2383,20,RL,80.0,9547,Pave,,Reg,Lvl,AllPub,Inside,Gtl,NWAmes,Norm,Norm,1Fam,1Story,7,6,1993,1993,Gable,CompShg,VinylSd,VinylSd,BrkFace,112.0,TA,TA,PConc,Gd,TA,No,Unf,0.0,Unf,0.0,1594.0,1594.0,GasA,Ex,Y,SBrkr,1594,0,0,1594,0.0,0.0,2,0,2,1,Gd,6,Typ,1,TA,Attchd,1993.0,RFn,2.0,472.0,TA,TA,Y,190,80,0,0,0,0,,,,0,7,2007,WD,Normal,208283.485
923,2384,60,RL,78.0,10530,Pave,,Reg,Lvl,AllPub,Inside,Gtl,NWAmes,Norm,Norm,1Fam,2Story,7,6,1993,1993,Gable,CompShg,MetalSd,MetalSd,BrkFace,194.0,Gd,TA,PConc,Gd,TA,No,GLQ,819.0,Unf,0.0,329.0,1148.0,GasA,Ex,Y,SBrkr,1091,984,0,2075,1.0,0.0,2,1,3,1,Gd,8,Typ,1,Gd,Attchd,1993.0,Unf,2.0,473.0,TA,TA,Y,235,86,0,0,0,0,,,,0,8,2007,WD,Normal,234779.78
924,2385,20,RL,88.0,10738,Pave,,IR1,Lvl,AllPub,Corner,Gtl,NWAmes,Norm,Norm,1Fam,1Story,6,7,1966,1966,Hip,CompShg,HdBoard,HdBoard,,0.0,TA,TA,CBlock,TA,TA,No,ALQ,792.0,Unf,0.0,301.0,1093.0,GasA,Gd,Y,SBrkr,1093,0,0,1093,1.0,0.0,2,0,3,1,TA,6,Typ,1,Fa,Attchd,1966.0,RFn,2.0,484.0,TA,TA,Y,224,0,0,0,0,0,,MnPrv,Shed,400,11,2007,WD,Normal,161884.5
925,2386,20,RL,80.0,10800,Pave,,Reg,Lvl,AllPub,Inside,Gtl,NWAmes,Norm,Norm,1Fam,1Story,6,5,1963,1963,Gable,CompShg,HdBoard,HdBoard,BrkFace,203.0,TA,TA,CBlock,TA,TA,No,BLQ,617.0,Rec,264.0,171.0,1052.0,GasA,TA,Y,SBrkr,1052,0,0,1052,1.0,0.0,1,0,3,1,TA,6,Typ,0,,Attchd,1963.0,Fin,1.0,311.0,TA,TA,Y,0,133,0,0,0,0,,,,0,2,2007,COD,Normal,141621.25
926,2387,20,RL,70.0,8050,Pave,,Reg,Lvl,AllPub,Inside,Gtl,NAmes,Norm,Norm,1Fam,1Story,5,6,1967,1993,Gable,CompShg,MetalSd,MetalSd,,0.0,TA,TA,CBlock,TA,TA,No,ALQ,474.0,BLQ,38.0,437.0,949.0,GasA,TA,Y,SBrkr,1107,0,0,1107,1.0,0.0,1,0,3,1,Gd,5,Typ,0,,Attchd,1967.0,RFn,1.0,308.0,TA,TA,Y,88,64,0,0,0,0,,,,0,3,2007,WD,Normal,137715.54
927,2388,90,RL,,10899,Pave,,IR1,Lvl,AllPub,Inside,Gtl,NAmes,Norm,Norm,Duplex,1Story,4,5,1964,1964,Gable,CompShg,HdBoard,HdBoard,,0.0,TA,TA,Slab,,,,,0.0,,0.0,0.0,0.0,GasA,TA,N,SBrkr,1224,0,0,1224,0.0,0.0,2,0,2,2,TA,8,Typ,0,,CarPort,1964.0,Unf,3.0,530.0,TA,TA,Y,0,0,0,0,0,0,,,,0,4,2007,WD,Normal,122183.455
928,2389,20,RL,74.0,7450,Pave,,IR1,Lvl,AllPub,Inside,Gtl,NAmes,Norm,Norm,1Fam,1Story,5,5,1956,1956,Hip,CompShg,Wd Sdng,Wd Sdng,,0.0,TA,TA,CBlock,TA,TA,No,Rec,438.0,LwQ,206.0,250.0,894.0,GasA,Gd,Y,SBrkr,1074,0,0,1074,0.0,0.0,1,0,2,1,Gd,6,Min1,1,Gd,Detchd,1966.0,Unf,2.0,396.0,TA,TA,Y,0,72,0,0,0,0,,GdWo,,0,1,2007,WD,Normal,135572.545
929,2390,20,RL,,14357,Pave,,IR1,Lvl,AllPub,CulDSac,Gtl,NAmes,Norm,Norm,1Fam,1Story,5,5,1961,1961,Hip,CompShg,Wd Sdng,Wd Sdng,,0.0,TA,TA,CBlock,TA,TA,No,ALQ,311.0,LwQ,167.0,386.0,864.0,GasA,TA,Y,SBrkr,1187,0,0,1187,1.0,0.0,1,0,2,1,TA,6,Typ,1,TA,Attchd,1961.0,RFn,2.0,440.0,TA,TA,Y,128,0,0,0,0,0,,,,0,8,2007,CWD,Normal,149133.25
930,2391,20,RL,76.0,8243,Pave,,IR1,Lvl,AllPub,CulDSac,Gtl,NAmes,Norm,Norm,1Fam,1Story,5,7,1961,1961,Gable,CompShg,VinylSd,VinylSd,BrkFace,56.0,TA,Gd,CBlock,TA,TA,No,ALQ,700.0,Unf,0.0,264.0,964.0,GasA,Ex,Y,SBrkr,964,0,0,964,0.0,0.0,1,0,3,1,TA,5,Typ,1,Fa,Detchd,1985.0,Fin,2.0,784.0,TA,TA,Y,170,0,0,0,0,0,,GdPrv,,0,2,2007,WD,Normal,142505.2
931,2392,20,RL,70.0,8680,Pave,,Reg,Lvl,AllPub,Inside,Gtl,NAmes,Norm,Norm,1Fam,1Story,5,7,1960,1960,Hip,CompShg,CemntBd,CmentBd,,0.0,TA,TA,CBlock,TA,TA,No,Unf,0.0,Unf,0.0,894.0,894.0,GasA,TA,Y,SBrkr,894,0,0,894,0.0,0.0,1,0,3,1,TA,5,Typ,0,,Detchd,1965.0,Unf,1.0,312.0,TA,TA,Y,0,0,0,0,0,0,,,,0,1,2007,WD,Normal,116591.525
932,2393,20,RL,80.0,8800,Pave,,Reg,Lvl,AllPub,Inside,Gtl,NAmes,Norm,Norm,1Fam,1Story,7,6,1966,1966,Hip,CompShg,HdBoard,Plywood,BrkFace,202.0,TA,TA,CBlock,TA,TA,No,BLQ,654.0,Unf,0.0,520.0,1174.0,GasA,Ex,Y,SBrkr,1200,0,0,1200,0.0,1.0,2,0,3,1,TA,6,Typ,1,TA,Attchd,1966.0,RFn,2.0,440.0,TA,TA,Y,0,0,0,0,0,0,,MnPrv,,0,10,2007,CWD,Normal,160256.0
933,2394,80,RL,80.0,9200,Pave,,Reg,Lvl,AllPub,Inside,Gtl,NAmes,Norm,Norm,1Fam,SLvl,6,5,1965,1965,Gable,CompShg,HdBoard,HdBoard,BrkFace,98.0,TA,TA,CBlock,TA,TA,Gd,GLQ,494.0,Unf,0.0,548.0,1042.0,GasA,TA,Y,SBrkr,1042,0,0,1042,0.0,0.0,2,0,3,1,TA,5,Typ,0,,Attchd,1965.0,RFn,2.0,440.0,TA,TA,Y,192,0,0,0,0,0,,GdPrv,,0,5,2007,WD,Normal,150729.8
934,2395,60,RL,80.0,8800,Pave,,Reg,Lvl,AllPub,Inside,Gtl,NAmes,Norm,Norm,1Fam,2Story,6,7,1964,1997,Gable,CompShg,MetalSd,MetalSd,BrkFace,306.0,TA,Gd,CBlock,TA,TA,No,ALQ,414.0,Unf,0.0,431.0,845.0,GasA,Ex,Y,SBrkr,845,1309,0,2154,0.0,0.0,2,1,5,1,TA,8,Typ,1,Gd,Attchd,1964.0,RFn,2.0,539.0,TA,TA,Y,0,0,0,0,161,0,,MnPrv,,0,7,2007,WD,Normal,191168.49
935,2396,20,RL,,11382,Pave,,IR1,Lvl,AllPub,Inside,Gtl,NAmes,Norm,Norm,1Fam,1Story,6,5,1964,1964,Gable,CompShg,Wd Sdng,Plywood,BrkFace,212.0,TA,TA,CBlock,TA,TA,No,ALQ,54.0,Rec,543.0,533.0,1130.0,GasA,TA,Y,SBrkr,1374,0,0,1374,0.0,1.0,1,0,3,1,TA,7,Typ,1,TA,Attchd,1964.0,RFn,1.0,286.0,TA,TA,Y,0,28,84,0,0,0,,MnPrv,,0,8,2007,WD,Normal,149922.5
936,2397,20,RL,,22002,Pave,,Reg,Lvl,AllPub,Corner,Gtl,NAmes,Norm,Norm,1Fam,1Story,6,7,1959,1991,Gable,CompShg,MetalSd,MetalSd,BrkFace,136.0,TA,Gd,CBlock,TA,TA,Mn,ALQ,1386.0,Unf,0.0,206.0,1592.0,GasA,Gd,Y,SBrkr,1652,0,0,1652,1.0,0.0,1,1,3,1,Gd,6,Typ,1,Gd,Attchd,1959.0,RFn,2.0,510.0,TA,TA,Y,0,0,0,0,201,0,,,,0,7,2007,WD,Normal,199370.75
937,2398,45,RL,85.0,12172,Pave,,Reg,Lvl,AllPub,Inside,Gtl,NAmes,Norm,Norm,1Fam,1.5Unf,5,7,1940,1996,Gable,CompShg,Wd Sdng,HdBoard,,0.0,TA,TA,PConc,TA,TA,No,LwQ,130.0,Rec,259.0,433.0,822.0,GasA,TA,Y,SBrkr,908,0,0,908,0.0,0.0,1,0,2,1,TA,4,Typ,0,,Attchd,1975.0,Unf,2.0,512.0,TA,TA,Y,284,24,0,0,192,0,,MnPrv,,0,10,2007,WD,Normal,134005.625
938,2399,20,RL,50.0,5000,Pave,,Reg,Lvl,AllPub,Inside,Gtl,BrkSide,Norm,Norm,1Fam,1Story,3,3,1946,1950,Gable,CompShg,WdShing,Wd Shng,,0.0,Fa,Fa,CBlock,Fa,Fa,No,LwQ,299.0,Unf,0.0,367.0,666.0,GasA,Fa,N,SBrkr,666,0,0,666,0.0,1.0,1,0,2,1,Gd,4,Typ,0,,,,,0.0,0.0,,,N,0,52,0,0,0,0,,MnPrv,,0,4,2007,WD,Normal,80909.5
939,2400,50,RL,51.0,3500,Pave,,Reg,Lvl,AllPub,Inside,Gtl,BrkSide,Feedr,Norm,1Fam,1.5Fin,3,5,1945,1950,Gable,CompShg,MetalSd,MetalSd,,0.0,TA,TA,CBlock,TA,TA,No,LwQ,144.0,Unf,0.0,226.0,370.0,GasA,TA,N,FuseA,442,228,0,670,1.0,0.0,1,0,2,1,Fa,4,Typ,0,,,,,0.0,0.0,,,N,0,21,0,0,0,0,,MnPrv,Shed,2000,7,2007,WD,Normal,76737.5
940,2401,20,RL,50.0,5175,Pave,,Reg,Lvl,AllPub,Inside,Gtl,BrkSide,RRAn,Feedr,1Fam,1Story,5,8,1958,2000,Gable,CompShg,VinylSd,VinylSd,,0.0,TA,TA,CBlock,TA,TA,No,BLQ,150.0,ALQ,404.0,254.0,808.0,GasA,Ex,Y,SBrkr,808,0,0,808,0.0,0.0,1,0,2,1,TA,5,Typ,0,,Detchd,1963.0,Unf,1.0,308.0,TA,TA,N,143,0,0,0,0,0,,,,0,7,2007,COD,Normal,120503.835
941,2402,20,RL,80.0,9600,Pave,,Reg,Lvl,AllPub,Inside,Gtl,NAmes,Norm,Norm,1Fam,1Story,5,6,1955,1955,Hip,CompShg,HdBoard,HdBoard,BrkFace,176.0,TA,Gd,CBlock,TA,TA,No,BLQ,368.0,Unf,0.0,710.0,1078.0,GasA,Ex,Y,SBrkr,1150,0,0,1150,1.0,0.0,1,0,2,1,TA,6,Typ,0,,Attchd,1955.0,Fin,1.0,288.0,TA,TA,Y,0,0,0,0,175,0,,MnPrv,,0,10,2007,WD,Normal,135681.0
942,2403,90,RL,63.0,8668,Pave,,Reg,Lvl,AllPub,Corner,Gtl,NAmes,Norm,Norm,Duplex,1Story,5,5,1968,1968,Gable,CompShg,MetalSd,MetalSd,,0.0,TA,TA,CBlock,TA,TA,No,Unf,0.0,Unf,0.0,1560.0,1560.0,GasA,TA,Y,SBrkr,1560,0,0,1560,0.0,0.0,2,0,4,2,TA,8,Typ,0,,Detchd,1968.0,Unf,3.0,792.0,TA,TA,Y,0,0,0,0,0,0,,,,0,5,2007,WD,Normal,135694.57
943,2404,85,RL,,10050,Pave,,IR1,Lvl,AllPub,Inside,Gtl,NAmes,Norm,Norm,1Fam,SFoyer,5,6,1966,1966,Gable,CompShg,HdBoard,HdBoard,BrkFace,87.0,TA,TA,CBlock,TA,TA,Av,GLQ,602.0,Unf,0.0,191.0,793.0,GasA,Ex,Y,SBrkr,1280,0,0,1280,0.0,1.0,2,0,3,1,TA,6,Typ,1,TA,Basment,1966.0,Fin,2.0,432.0,TA,TA,Y,140,40,0,0,0,0,,,,0,6,2007,WD,Normal,159149.9
944,2405,80,RL,100.0,9600,Pave,,IR1,Lvl,AllPub,Inside,Gtl,NAmes,Norm,Norm,1Fam,SLvl,6,5,1961,1961,Hip,CompShg,WdShing,Wd Shng,BrkFace,291.0,TA,TA,CBlock,TA,TA,Av,ALQ,600.0,Unf,0.0,618.0,1218.0,GasA,TA,Y,SBrkr,1254,0,0,1254,1.0,0.0,1,0,3,1,TA,6,Typ,1,Gd,Attchd,1961.0,RFn,2.0,525.0,TA,TA,Y,0,0,0,0,168,0,,,,0,5,2007,WD,Normal,161961.75
945,2406,20,RL,73.0,8760,Pave,,Reg,Lvl,AllPub,Inside,Gtl,NAmes,Norm,Norm,1Fam,1Story,6,7,1957,1999,Gable,CompShg,VinylSd,VinylSd,,0.0,TA,TA,CBlock,TA,TA,No,ALQ,873.0,Unf,0.0,63.0,936.0,GasA,TA,Y,SBrkr,936,0,0,936,1.0,0.0,1,0,2,1,Gd,4,Typ,0,,Attchd,1957.0,RFn,1.0,315.0,TA,TA,Y,0,0,0,219,0,0,,,,0,9,2007,WD,Normal,134983.875
946,2407,20,RL,65.0,6860,Pave,,IR1,Lvl,AllPub,Inside,Gtl,NAmes,Norm,Norm,1Fam,1Story,5,6,1956,1956,Gable,CompShg,Wd Sdng,Wd Sdng,BrkCmn,54.0,TA,TA,CBlock,TA,TA,No,GLQ,908.0,Unf,0.0,100.0,1008.0,GasA,Ex,Y,SBrkr,1008,0,0,1008,1.0,0.0,1,0,3,1,Fa,6,Typ,0,,Detchd,1964.0,Unf,1.0,308.0,TA,TA,Y,0,0,0,0,0,0,,,,0,12,2007,WD,Normal,132172.04
947,2408,20,RL,60.0,8250,Pave,,Reg,Lvl,AllPub,Corner,Gtl,NAmes,Norm,Norm,1Fam,1Story,5,7,1963,1963,Gable,CompShg,MetalSd,MetalSd,,0.0,TA,TA,CBlock,TA,TA,No,ALQ,288.0,Unf,0.0,765.0,1053.0,GasA,Gd,Y,SBrkr,1053,0,0,1053,1.0,0.0,1,0,3,1,Gd,6,Typ,0,,2Types,1994.0,RFn,2.0,692.0,TA,TA,Y,240,0,0,0,109,0,,,,0,7,2007,WD,Normal,142076.175
948,2409,20,RL,70.0,9100,Pave,,Reg,Lvl,AllPub,Inside,Gtl,NAmes,Norm,Norm,1Fam,1Story,5,5,1960,1960,Hip,CompShg,HdBoard,HdBoard,BrkCmn,69.0,TA,TA,CBlock,TA,TA,No,Unf,0.0,Unf,0.0,1144.0,1144.0,GasA,TA,Y,SBrkr,1144,0,0,1144,0.0,0.0,1,0,3,1,TA,6,Typ,1,Gd,Attchd,1960.0,RFn,1.0,336.0,TA,TA,Y,0,0,0,0,0,0,,,,0,6,2007,WD,Normal,138067.725
949,2410,20,RL,80.0,9736,Pave,,Reg,Lvl,AllPub,Inside,Gtl,NAmes,Feedr,Norm,1Fam,1Story,6,6,1957,1969,Gable,CompShg,Wd Sdng,Wd Sdng,BrkFace,289.0,TA,TA,CBlock,TA,TA,No,BLQ,668.0,Rec,138.0,525.0,1331.0,GasA,Gd,Y,SBrkr,1721,0,0,1721,0.0,0.0,1,0,4,1,TA,8,Typ,3,TA,Attchd,1957.0,Unf,2.0,464.0,TA,TA,Y,0,0,0,0,0,0,,,,0,4,2007,WD,Normal,162852.275
950,2411,20,RL,72.0,9770,Pave,,Reg,Lvl,AllPub,Inside,Gtl,NAmes,Norm,Norm,1Fam,1Story,5,5,1957,1957,Gable,CompShg,Wd Sdng,Wd Sdng,,0.0,TA,TA,CBlock,TA,TA,No,Rec,512.0,Unf,0.0,410.0,922.0,GasA,TA,Y,FuseA,922,0,0,922,1.0,0.0,1,0,2,1,TA,5,Typ,0,,Attchd,1957.0,Unf,1.0,308.0,TA,TA,Y,0,34,0,0,0,0,,GdWo,,0,4,2007,WD,Normal,122444.04
951,2412,20,RL,70.0,12198,Pave,,IR1,Lvl,AllPub,Inside,Gtl,NAmes,Norm,Norm,1Fam,1Story,5,6,1955,1975,Gable,CompShg,VinylSd,VinylSd,,0.0,TA,TA,CBlock,TA,TA,Av,Rec,780.0,Unf,0.0,424.0,1204.0,GasA,TA,Y,SBrkr,1411,0,0,1411,0.0,0.0,1,0,3,1,TA,7,Typ,1,TA,Attchd,1955.0,RFn,1.0,310.0,TA,TA,Y,278,82,0,0,0,0,,,,0,6,2007,COD,Normal,153177.49
952,2413,20,RL,75.0,10050,Pave,,Reg,Lvl,AllPub,Inside,Gtl,NAmes,Norm,Norm,1Fam,1Story,5,5,1955,1955,Hip,CompShg,MetalSd,MetalSd,,0.0,TA,TA,CBlock,TA,TA,No,Rec,288.0,Unf,0.0,928.0,1216.0,GasA,TA,Y,SBrkr,1216,0,0,1216,1.0,0.0,1,0,3,1,TA,5,Typ,0,,Attchd,1955.0,RFn,1.0,336.0,TA,TA,Y,0,0,0,0,0,0,,,,0,8,2007,WD,Normal,136492.375
953,2414,20,RL,60.0,11556,Pave,,Reg,Lvl,AllPub,Inside,Gtl,NAmes,Norm,Norm,1Fam,1Story,5,9,1953,2006,Gable,CompShg,VinylSd,MetalSd,,0.0,TA,Ex,CBlock,TA,TA,No,BLQ,408.0,Unf,0.0,456.0,864.0,GasA,Gd,Y,SBrkr,1154,0,0,1154,0.0,0.0,1,1,3,1,Ex,6,Typ,0,,Detchd,1962.0,Unf,1.0,336.0,TA,TA,Y,63,0,0,0,0,0,,,,0,7,2007,WD,Normal,137394.82
954,2415,90,RL,70.0,8078,Pave,,Reg,Lvl,AllPub,Inside,Gtl,NAmes,Norm,Norm,Duplex,1Story,5,5,1958,1958,Hip,CompShg,Wd Sdng,Wd Sdng,Stone,260.0,TA,TA,CBlock,TA,TA,No,Unf,0.0,Unf,0.0,1560.0,1560.0,GasA,TA,Y,SBrkr,1560,0,0,1560,0.0,0.0,2,0,4,2,TA,8,Typ,0,,Detchd,1958.0,Unf,2.0,484.0,TA,TA,Y,0,0,0,0,0,0,,,,0,12,2007,WD,Normal,132933.56
955,2416,20,RL,60.0,10950,Pave,,Reg,Lvl,AllPub,Inside,Gtl,NAmes,Norm,Norm,1Fam,1Story,6,6,1952,1952,Hip,CompShg,Wd Sdng,Wd Sdng,,0.0,TA,TA,CBlock,TA,TA,No,ALQ,441.0,Unf,0.0,507.0,948.0,GasA,TA,Y,SBrkr,948,0,0,948,0.0,0.0,1,0,2,1,TA,5,Typ,0,,Detchd,1952.0,Unf,2.0,410.0,TA,TA,N,0,48,0,0,0,0,,,,0,4,2007,WD,Normal,123838.81
956,2417,20,RL,68.0,7942,Pave,,Reg,Lvl,AllPub,Inside,Gtl,NAmes,Norm,Norm,1Fam,1Story,6,7,1953,1953,Hip,CompShg,Wd Sdng,Wd Sdng,,0.0,TA,TA,CBlock,TA,TA,No,Rec,85.0,ALQ,955.0,0.0,1040.0,GasA,TA,Y,FuseF,1040,0,0,1040,0.0,1.0,1,0,3,1,TA,6,Typ,0,,Attchd,1953.0,Fin,1.0,293.0,TA,TA,Y,0,0,0,0,0,0,,MnPrv,,0,6,2007,WD,Normal,130766.435
957,2418,20,RL,71.0,8540,Pave,,Reg,Lvl,AllPub,Corner,Gtl,NAmes,Norm,Norm,1Fam,1Story,5,8,1956,2003,Gable,CompShg,VinylSd,VinylSd,,0.0,TA,Gd,CBlock,TA,TA,No,Rec,114.0,ALQ,691.0,120.0,925.0,GasA,TA,Y,SBrkr,925,0,0,925,1.0,0.0,1,0,3,1,Gd,5,Typ,0,,Detchd,1956.0,Unf,1.0,252.0,TA,TA,Y,152,0,0,0,0,0,,,,0,6,2007,WD,Normal,128854.92
958,2419,50,RL,55.0,7150,Pave,,Reg,Lvl,AllPub,Inside,Gtl,NAmes,Norm,Norm,1Fam,1.5Fin,4,4,1955,1955,Gable,CompShg,MetalSd,MetalSd,,0.0,TA,TA,PConc,TA,TA,No,Rec,150.0,Unf,0.0,1040.0,1190.0,GasA,Gd,Y,SBrkr,1040,500,0,1540,1.0,0.0,1,0,4,1,Fa,7,Typ,0,,Detchd,2002.0,Unf,1.0,352.0,TA,TA,Y,0,0,0,0,0,0,,,,0,8,2007,WD,Normal,131363.52
959,2420,20,RL,70.0,8400,Pave,,Reg,Lvl,AllPub,Corner,Gtl,NAmes,Norm,Norm,1Fam,1Story,5,5,1955,1955,Gable,CompShg,MetalSd,MetalSd,,0.0,TA,Gd,CBlock,TA,TA,No,BLQ,793.0,Unf,0.0,130.0,923.0,GasA,TA,Y,SBrkr,925,0,0,925,1.0,0.0,1,0,3,1,TA,5,Typ,2,TA,Attchd,1955.0,Unf,1.0,390.0,TA,TA,Y,81,0,0,0,0,0,,GdWo,,0,3,2007,WD,Normal,130267.41
960,2421,20,RL,75.0,9532,Pave,,Reg,Lvl,AllPub,Inside,Gtl,NAmes,Norm,Norm,1Fam,1Story,4,6,1953,1953,Gable,CompShg,VinylSd,VinylSd,,0.0,TA,TA,CBlock,TA,TA,No,BLQ,595.0,Rec,354.0,156.0,1105.0,GasA,Gd,Y,SBrkr,1647,0,0,1647,1.0,0.0,1,0,3,1,TA,6,Min1,1,Fa,Attchd,1953.0,Fin,1.0,280.0,TA,TA,Y,225,0,0,0,0,368,,GdPrv,,0,2,2007,WD,Normal,147164.855
961,2422,20,RL,,15783,Pave,,Reg,Lvl,AllPub,Inside,Gtl,OldTown,Artery,Norm,1Fam,1Story,5,5,1952,1952,Gable,CompShg,Wd Sdng,Wd Sdng,,0.0,TA,TA,CBlock,TA,TA,No,Rec,292.0,Unf,0.0,632.0,924.0,GasA,TA,Y,SBrkr,924,0,0,924,0.0,0.0,1,0,2,1,TA,6,Typ,0,,Detchd,1952.0,Unf,1.0,420.0,TA,TA,Y,0,324,0,0,0,0,,MnPrv,Shed,400,6,2007,WD,Normal,126181.185
962,2423,50,RL,60.0,14190,Pave,,Reg,Lvl,AllPub,Inside,Gtl,OldTown,Artery,Norm,1Fam,1.5Fin,4,7,1890,2006,Gable,CompShg,VinylSd,VinylSd,,0.0,Gd,Gd,CBlock,Fa,TA,No,Unf,0.0,Unf,0.0,925.0,925.0,GasA,Gd,Y,SBrkr,1000,544,0,1544,0.0,0.0,2,0,3,1,TA,7,Typ,0,,,,,0.0,0.0,,,N,231,0,0,0,0,0,,,,0,4,2007,WD,Normal,131133.305
963,2424,50,RL,,12099,Pave,,IR1,Lvl,AllPub,Inside,Gtl,NAmes,Norm,Norm,1Fam,1.5Fin,5,6,1953,2004,Gable,CompShg,MetalSd,MetalSd,,0.0,TA,TA,CBlock,TA,Fa,No,LwQ,198.0,Unf,0.0,1018.0,1216.0,GasA,Ex,Y,SBrkr,1216,0,512,1728,1.0,0.0,1,0,3,1,TA,7,Typ,1,Gd,Attchd,1953.0,Unf,1.0,371.0,TA,TA,Y,200,0,0,0,0,0,,GdWo,,0,6,2007,WD,Normal,152711.35
964,2425,70,RL,113.0,21281,Pave,,Reg,Lvl,AllPub,Inside,Gtl,NAmes,Norm,Norm,1Fam,2Story,5,4,1935,2007,Gable,CompShg,Wd Sdng,MetalSd,,0.0,TA,TA,BrkTil,TA,Fa,No,Unf,0.0,Unf,0.0,666.0,666.0,GasA,Gd,Y,SBrkr,1308,1778,0,3086,0.0,0.0,3,1,4,1,Gd,9,Min1,0,,BuiltIn,2007.0,Unf,3.0,1200.0,TA,TA,Y,0,208,290,0,156,0,,,,0,11,2007,WD,Family,224233.23
965,2426,50,RL,60.0,10284,Pave,,Reg,Lvl,AllPub,Corner,Gtl,OldTown,Norm,Norm,1Fam,1.5Fin,4,7,1925,1993,Gable,CompShg,MetalSd,MetalSd,,0.0,TA,TA,CBlock,TA,TA,Mn,ALQ,1030.0,LwQ,66.0,55.0,1151.0,GasA,Ex,Y,SBrkr,845,436,0,1281,1.0,0.0,2,0,1,1,TA,6,Mod,0,,Detchd,1978.0,Unf,2.0,580.0,TA,TA,Y,0,0,0,0,0,0,,,,0,8,2007,WD,Abnorml,139432.95
966,2427,70,RL,60.0,10800,Pave,Grvl,Reg,Lvl,AllPub,Inside,Gtl,OldTown,Norm,Norm,1Fam,2Story,5,9,1895,1999,Gable,CompShg,Wd Sdng,HdBoard,,0.0,TA,Gd,CBlock,Gd,TA,Av,Unf,0.0,Unf,0.0,736.0,736.0,GasA,Ex,Y,SBrkr,751,783,0,1534,0.0,0.0,1,1,3,1,Gd,6,Typ,0,,,,,0.0,0.0,,,N,0,112,0,0,0,0,,,,0,7,2007,WD,Normal,137908.99
967,2428,80,RL,93.0,10090,Pave,,IR1,Lvl,AllPub,Inside,Gtl,NAmes,Norm,Norm,1Fam,SLvl,7,5,1963,1999,Gable,CompShg,Plywood,Plywood,BrkFace,364.0,TA,TA,CBlock,TA,TA,Av,Rec,242.0,ALQ,483.0,0.0,725.0,GasA,TA,Y,SBrkr,1035,616,0,1651,0.0,1.0,2,0,4,1,TA,6,Typ,2,TA,BuiltIn,1963.0,Unf,1.0,276.0,TA,TA,Y,460,46,0,0,165,0,,MnPrv,,0,10,2007,WD,Normal,166940.705
968,2429,20,RL,75.0,8700,Pave,,IR1,Lvl,AllPub,Inside,Gtl,NAmes,Norm,Norm,1Fam,1Story,5,7,1961,1961,Gable,CompShg,HdBoard,HdBoard,BrkFace,53.0,TA,TA,CBlock,TA,TA,No,ALQ,192.0,Unf,0.0,728.0,920.0,GasA,Gd,Y,SBrkr,888,0,0,888,0.0,1.0,1,0,3,1,TA,5,Typ,0,,Attchd,1961.0,Unf,1.0,240.0,TA,TA,Y,0,0,0,0,0,0,,,,0,2,2007,COD,Abnorml,121489.04
969,2430,20,RL,66.0,8300,Pave,,IR1,Lvl,AllPub,Inside,Gtl,NAmes,Norm,Norm,1Fam,1Story,6,6,1968,1968,Gable,CompShg,Wd Sdng,Wd Sdng,BrkFace,86.0,TA,TA,CBlock,TA,TA,Mn,Rec,952.0,Unf,0.0,0.0,952.0,GasA,Gd,Y,SBrkr,952,0,0,952,1.0,0.0,1,0,3,1,TA,5,Typ,0,,Attchd,1968.0,Unf,1.0,288.0,TA,TA,Y,0,0,0,0,0,0,,,,0,8,2007,WD,Normal,132687.79
970,2431,20,RL,60.0,7200,Pave,,Reg,Lvl,AllPub,Inside,Gtl,NAmes,Norm,Norm,1Fam,1Story,5,3,1950,1950,Gable,CompShg,WdShing,Wd Shng,,0.0,TA,TA,CBlock,TA,TA,No,LwQ,432.0,Unf,0.0,432.0,864.0,GasA,Fa,Y,FuseA,1238,0,0,1238,0.0,0.0,1,1,3,1,TA,6,Min2,1,TA,Attchd,1950.0,Unf,1.0,357.0,TA,TA,Y,0,171,0,0,0,0,,,,0,11,2007,WD,Normal,133610.125
971,2432,20,RL,,7500,Pave,,Reg,Lvl,AllPub,Inside,Gtl,NAmes,Norm,Norm,1Fam,1Story,5,7,1959,2003,Hip,CompShg,BrkFace,BrkFace,,0.0,TA,TA,CBlock,TA,TA,No,GLQ,574.0,Unf,0.0,466.0,1040.0,GasA,Ex,Y,SBrkr,1040,0,0,1040,1.0,0.0,1,0,3,1,Gd,6,Typ,0,,Attchd,1959.0,RFn,1.0,286.0,TA,TA,Y,0,0,0,0,0,0,,,Shed,0,7,2007,WD,Normal,137765.45
972,2433,20,RL,70.0,7315,Pave,,Reg,Lvl,AllPub,Inside,Gtl,NAmes,Norm,Norm,1Fam,1Story,5,6,1958,1958,Hip,CompShg,BrkFace,BrkFace,,0.0,TA,TA,CBlock,TA,TA,No,Rec,625.0,Unf,0.0,545.0,1170.0,GasA,TA,Y,SBrkr,1170,0,0,1170,0.0,1.0,1,0,3,1,TA,6,Typ,1,TA,Attchd,1958.0,RFn,1.0,338.0,TA,TA,Y,0,0,0,0,225,0,,,,0,3,2007,WD,Normal,145842.165
973,2434,20,RL,70.0,7903,Pave,,Reg,Lvl,AllPub,Inside,Gtl,NAmes,Norm,Norm,1Fam,1Story,5,5,1960,1960,Hip,CompShg,BrkFace,BrkFace,,0.0,TA,TA,CBlock,TA,TA,No,Rec,739.0,Unf,0.0,503.0,1242.0,GasA,Gd,Y,FuseA,1242,0,0,1242,1.0,0.0,1,1,3,1,TA,6,Typ,0,,Attchd,1960.0,RFn,1.0,324.0,TA,TA,Y,0,0,0,0,0,0,,,,0,5,2007,WD,Family,140910.875
974,2435,20,RL,80.0,8000,Pave,,Reg,Lvl,AllPub,Inside,Gtl,NAmes,Norm,Norm,1Fam,1Story,5,5,1960,1960,Hip,CompShg,BrkFace,BrkFace,,0.0,TA,TA,CBlock,TA,TA,No,BLQ,1098.0,Rec,154.0,125.0,1377.0,GasA,TA,Y,SBrkr,1377,0,0,1377,1.0,0.0,1,0,3,1,TA,6,Typ,2,TA,Attchd,1965.0,Unf,1.0,351.0,TA,TA,Y,0,0,0,0,0,0,,MnPrv,,0,11,2007,WD,Normal,153082.915
975,2436,20,RL,70.0,7000,Pave,,Reg,Lvl,AllPub,Corner,Gtl,NAmes,Feedr,Norm,1Fam,1Story,5,6,1961,1961,Gable,CompShg,BrkFace,Wd Sdng,,0.0,TA,TA,Slab,,,,,0.0,,0.0,0.0,0.0,GasA,Gd,Y,SBrkr,925,0,0,925,0.0,0.0,1,0,3,1,TA,7,Typ,0,,Attchd,1961.0,Fin,1.0,300.0,TA,TA,Y,0,0,0,0,0,0,,,,0,7,2007,WD,Normal,116763.545
976,2437,20,RL,60.0,6600,Pave,,Reg,Lvl,AllPub,Inside,Gtl,NAmes,PosN,Norm,1Fam,1Story,5,5,1962,1962,Hip,CompShg,Wd Sdng,Wd Sdng,,0.0,TA,TA,CBlock,TA,TA,No,ALQ,110.0,BLQ,442.0,312.0,864.0,GasA,Gd,Y,SBrkr,864,0,0,864,0.0,0.0,1,0,2,1,TA,5,Typ,0,,Detchd,1962.0,Unf,1.0,294.0,TA,TA,Y,58,0,0,0,0,0,,,,0,12,2007,WD,Normal,112901.32
977,2438,85,RL,66.0,6760,Pave,,Reg,Lvl,AllPub,Inside,Gtl,NAmes,Norm,Norm,1Fam,SFoyer,5,5,1962,1962,Gable,CompShg,HdBoard,HdBoard,,0.0,TA,TA,CBlock,TA,TA,Av,ALQ,734.0,Unf,0.0,162.0,896.0,GasA,TA,Y,SBrkr,936,0,0,936,1.0,0.0,1,0,3,1,TA,6,Typ,1,Po,Attchd,1962.0,RFn,1.0,288.0,TA,TA,Y,24,90,160,0,0,0,,,,0,10,2007,WD,Normal,134543.68
978,2439,30,RM,60.0,6978,Pave,,Reg,Bnk,AllPub,Inside,Gtl,OldTown,Artery,Norm,1Fam,1Story,5,7,1926,1980,Gable,CompShg,MetalSd,MetalSd,,0.0,Gd,Gd,BrkTil,TA,TA,No,Unf,0.0,Unf,0.0,850.0,850.0,GasA,TA,Y,SBrkr,960,0,0,960,0.0,0.0,1,0,2,1,TA,5,Typ,0,,Detchd,1981.0,RFn,2.0,576.0,TA,TA,Y,0,0,116,0,0,0,,,,0,4,2007,WD,Normal,122702.05
979,2440,50,RM,50.0,6000,Pave,Grvl,Reg,Lvl,AllPub,Inside,Gtl,OldTown,Norm,Norm,1Fam,1.5Fin,6,6,1927,1950,Gable,CompShg,MetalSd,MetalSd,,0.0,TA,TA,BrkTil,TA,TA,No,Rec,276.0,Unf,0.0,569.0,845.0,GasA,TA,Y,SBrkr,866,430,0,1296,0.0,0.0,1,0,3,1,TA,6,Typ,0,,Detchd,1980.0,Unf,2.0,576.0,TA,TA,Y,0,0,175,0,0,0,,,,0,7,2007,WD,Normal,120249.01
980,2441,30,RM,56.0,4480,Pave,,Reg,Lvl,AllPub,Corner,Gtl,OldTown,Artery,Norm,1Fam,1Story,5,5,1922,1950,Gable,CompShg,AsbShng,AsbShng,,0.0,TA,TA,PConc,Fa,Fa,No,LwQ,782.0,Unf,0.0,240.0,1022.0,GasA,TA,N,FuseF,1022,0,0,1022,1.0,0.0,1,0,2,1,Fa,4,Typ,1,Gd,Detchd,1922.0,Unf,1.0,184.0,TA,Fa,N,0,122,20,0,0,0,,MnPrv,,0,2,2007,WD,Normal,109650.385
981,2442,30,RM,56.0,3153,Pave,Grvl,Reg,Lvl,AllPub,Inside,Gtl,OldTown,Norm,Norm,1Fam,1Story,5,6,1920,1990,Gable,CompShg,MetalSd,MetalSd,,0.0,TA,TA,BrkTil,TA,TA,No,Unf,0.0,Unf,0.0,967.0,967.0,GasA,Gd,Y,SBrkr,967,0,0,967,0.0,0.0,1,0,2,1,TA,5,Typ,1,Gd,Detchd,1920.0,Unf,1.0,180.0,Fa,TA,N,0,0,26,0,0,0,,,,0,7,2007,WD,Normal,113898.605
982,2443,30,RM,60.0,7200,Pave,,Reg,Lvl,AllPub,Inside,Gtl,OldTown,Norm,Norm,1Fam,1Story,5,8,1940,1950,Gable,CompShg,VinylSd,VinylSd,Stone,279.0,TA,TA,CBlock,TA,TA,No,Unf,0.0,Unf,0.0,808.0,808.0,GasA,Ex,Y,SBrkr,1072,0,0,1072,0.0,0.0,1,0,2,1,TA,5,Typ,2,Gd,Detchd,1940.0,Unf,2.0,379.0,TA,TA,Y,0,0,0,0,0,0,,,,0,5,2007,WD,Normal,130037.585
983,2444,50,RM,120.0,9000,Pave,,Reg,Lvl,AllPub,Corner,Gtl,OldTown,Norm,Norm,1Fam,1.5Fin,5,8,1900,2006,Gable,CompShg,Stucco,Stucco,,0.0,TA,TA,BrkTil,TA,Fa,No,BLQ,130.0,Unf,0.0,550.0,680.0,GasA,Ex,Y,SBrkr,680,494,0,1174,0.0,0.0,1,0,2,1,Gd,6,Typ,1,Gd,Detchd,2000.0,Unf,2.0,576.0,TA,TA,Y,116,26,40,0,0,0,,MnPrv,,0,6,2007,WD,Normal,138764.19
984,2445,50,RM,50.0,5925,Pave,,Reg,Lvl,AllPub,Inside,Gtl,OldTown,Norm,Norm,1Fam,1.5Fin,4,6,1900,1950,Gable,CompShg,MetalSd,MetalSd,,0.0,TA,TA,BrkTil,Fa,TA,No,LwQ,122.0,Rec,448.0,0.0,570.0,GasA,Gd,N,SBrkr,761,380,0,1141,0.0,0.0,1,0,3,1,TA,6,Typ,0,,Detchd,1930.0,Unf,1.0,252.0,Fa,Fa,Y,0,0,96,0,0,0,,,,0,5,2007,ConLw,Normal,97985.975
985,2446,70,RM,57.0,9639,Pave,,Reg,Lvl,AllPub,Inside,Gtl,OldTown,Artery,Norm,1Fam,2Story,4,8,1900,1950,Gable,CompShg,MetalSd,MetalSd,,0.0,TA,TA,PConc,TA,TA,No,Unf,0.0,Unf,0.0,1075.0,1075.0,GasA,Ex,Y,SBrkr,1156,642,0,1798,0.0,0.0,2,1,4,1,TA,7,Typ,0,,Detchd,1935.0,Unf,2.0,342.0,TA,TA,N,0,0,160,0,0,0,,MnPrv,,0,5,2007,WD,Normal,142190.025
986,2447,70,RM,,10337,Pave,Pave,IR1,Lvl,AllPub,Inside,Gtl,OldTown,Norm,Norm,1Fam,2Story,8,9,1910,1999,Hip,CompShg,VinylSd,VinylSd,,0.0,Gd,Gd,BrkTil,TA,TA,No,Unf,0.0,Unf,0.0,725.0,725.0,GasA,Ex,N,SBrkr,909,863,0,1772,0.0,0.0,2,1,3,1,Gd,7,Typ,0,,Detchd,1992.0,Unf,2.0,816.0,TA,TA,Y,0,0,0,0,0,0,,MnPrv,,0,5,2007,WD,Normal,175437.71
987,2448,70,RM,53.0,9863,Pave,Pave,Reg,Lvl,AllPub,Inside,Gtl,OldTown,Norm,Norm,1Fam,2Story,6,6,1927,1950,Gambrel,CompShg,Wd Sdng,Wd Sdng,,0.0,TA,TA,BrkTil,TA,TA,No,LwQ,196.0,Rec,210.0,322.0,728.0,GasA,TA,Y,SBrkr,914,728,0,1642,0.0,1.0,1,1,4,1,TA,9,Typ,1,Gd,Detchd,1927.0,Unf,1.0,374.0,TA,TA,Y,0,0,0,0,0,0,,,,0,3,2007,WD,Abnorml,157714.325
988,2449,70,RM,35.0,4571,Pave,Grvl,Reg,Lvl,AllPub,Inside,Gtl,OldTown,Norm,Norm,1Fam,2Story,5,7,1910,1950,Gable,CompShg,MetalSd,MetalSd,,0.0,TA,TA,BrkTil,TA,TA,No,BLQ,168.0,Unf,0.0,448.0,616.0,GasA,Ex,Y,SBrkr,616,616,0,1232,0.0,0.0,1,0,3,1,TA,6,Typ,0,,Detchd,1920.0,Unf,2.0,480.0,Fa,Fa,Y,280,0,143,0,0,0,,,,0,6,2007,WD,Normal,115984.64
989,2450,50,RM,56.0,8398,Pave,Grvl,Reg,Lvl,AllPub,Inside,Gtl,OldTown,Norm,Norm,1Fam,1.5Fin,6,8,1910,1990,Gable,CompShg,Wd Sdng,Wd Sdng,,0.0,TA,TA,CBlock,Gd,Gd,No,BLQ,259.0,Unf,0.0,667.0,926.0,GasA,TA,Y,SBrkr,991,659,0,1650,0.0,0.0,2,0,3,1,TA,6,Typ,0,,Detchd,1979.0,Unf,2.0,468.0,TA,TA,N,128,103,0,0,0,0,,,,0,11,2007,WD,Normal,144042.06
990,2451,70,RM,60.0,3600,Pave,Grvl,Reg,Lvl,AllPub,Inside,Gtl,OldTown,Norm,Norm,1Fam,2Story,5,7,1930,2005,Gambrel,CompShg,VinylSd,VinylSd,,0.0,TA,Gd,BrkTil,TA,Fa,No,Rec,316.0,Unf,0.0,371.0,687.0,GasA,Gd,Y,SBrkr,687,671,0,1358,0.0,0.0,1,1,3,1,Gd,6,Typ,1,Gd,Detchd,2004.0,Unf,1.0,336.0,TA,TA,Y,0,32,0,0,0,0,,MnPrv,,0,7,2007,WD,Partial,140831.135
991,2452,75,RM,75.0,13500,Pave,Grvl,Reg,Lvl,AllPub,Corner,Gtl,OldTown,Norm,Norm,1Fam,2.5Unf,7,8,1879,1987,Gable,CompShg,Wd Sdng,Wd Sdng,,0.0,TA,Gd,PConc,TA,TA,No,Unf,0.0,Unf,0.0,819.0,819.0,GasA,TA,Y,FuseA,1312,1142,0,2454,0.0,0.0,2,0,3,1,TA,8,Typ,1,Gd,Attchd,1950.0,Unf,2.0,576.0,TA,TA,N,0,148,150,0,0,0,,MnPrv,,0,2,2007,WD,Normal,183919.94
992,2453,20,RM,52.0,8626,Pave,,Reg,Lvl,AllPub,Inside,Gtl,OldTown,Norm,Norm,1Fam,1Story,4,6,1956,1956,Gable,CompShg,MetalSd,MetalSd,,1.0,TA,TA,CBlock,,,,,0.0,,0.0,0.0,0.0,GasA,Gd,Y,SBrkr,968,0,0,968,0.0,0.0,1,0,2,1,TA,5,Typ,0,,Attchd,1956.0,Unf,1.0,331.0,Fa,TA,Y,0,0,0,0,0,0,,,,0,5,2007,WD,Normal,104587.5
993,2454,80,RM,76.0,11800,Pave,,Reg,Lvl,AllPub,Inside,Gtl,OldTown,Norm,Norm,1Fam,SLvl,4,7,1949,2002,Gable,CompShg,Stucco,Wd Sdng,,0.0,TA,TA,Slab,,,,,0.0,,0.0,0.0,0.0,GasA,Ex,Y,SBrkr,1382,0,0,1382,0.0,0.0,2,0,1,1,TA,6,Mod,1,TA,Attchd,1957.0,RFn,1.0,384.0,TA,TA,Y,0,40,0,0,0,0,,,,0,5,2007,WD,Normal,139681.175
994,2455,40,RL,55.0,6854,Pave,,Reg,Bnk,AllPub,Inside,Mod,BrkSide,Norm,Norm,1Fam,1Story,5,7,1925,1994,Gable,CompShg,MetalSd,MetalSd,,0.0,TA,Gd,PConc,TA,TA,No,LwQ,317.0,Rec,227.0,212.0,756.0,GasA,TA,N,FuseA,916,144,0,1060,1.0,0.0,1,0,1,1,TA,6,Mod,1,Gd,Detchd,1969.0,Unf,1.0,308.0,Fa,TA,Y,0,65,0,0,150,0,,,,0,8,2007,WD,Normal,117781.31
995,2456,50,RM,55.0,8674,Pave,,Reg,HLS,AllPub,Inside,Gtl,BrkSide,RRNn,Artery,1Fam,1.5Fin,5,6,1950,1950,Gable,CompShg,MetalSd,MetalSd,,0.0,TA,TA,CBlock,Fa,TA,No,Rec,910.0,Unf,0.0,0.0,910.0,GasA,TA,Y,SBrkr,910,525,0,1435,1.0,0.0,1,0,3,1,TA,6,Typ,0,,Detchd,1950.0,Unf,1.0,308.0,TA,TA,Y,0,33,0,0,0,0,,,,0,3,2007,WD,Normal,122804.215
996,2457,50,RM,50.0,6125,Pave,,Reg,Lvl,AllPub,Inside,Gtl,BrkSide,Norm,Norm,1Fam,1.5Fin,5,7,1939,1998,Gable,CompShg,MetalSd,MetalSd,,0.0,TA,Gd,CBlock,TA,TA,No,Rec,306.0,Unf,0.0,422.0,728.0,GasA,Ex,Y,SBrkr,728,546,0,1274,0.0,0.0,2,0,3,1,TA,6,Typ,0,,Detchd,1939.0,Unf,1.0,224.0,Fa,TA,Y,0,0,192,0,0,0,,,,0,3,2007,CWD,Normal,123784.4
997,2458,70,RM,50.0,6000,Pave,,Reg,Lvl,AllPub,Inside,Gtl,BrkSide,Norm,Norm,1Fam,2Story,6,6,1939,1950,Gable,CompShg,MetalSd,VinylSd,,0.0,TA,TA,CBlock,TA,TA,Mn,Rec,276.0,Unf,0.0,324.0,600.0,GasA,Ex,Y,SBrkr,608,624,0,1232,0.0,0.0,1,1,3,1,TA,6,Typ,2,TA,Attchd,1939.0,Unf,1.0,217.0,TA,TA,Y,0,0,0,0,0,0,,GdWo,,0,2,2007,WD,Normal,130886.77
998,2459,45,RM,51.0,6120,Pave,,Reg,Lvl,AllPub,Inside,Gtl,BrkSide,Norm,Norm,1Fam,1.5Unf,5,7,1939,1950,Gable,CompShg,AsbShng,AsbShng,,0.0,Gd,TA,BrkTil,TA,TA,No,Unf,0.0,Unf,0.0,884.0,884.0,GasA,Ex,Y,SBrkr,884,0,0,884,0.0,0.0,1,0,2,1,TA,5,Typ,0,,Detchd,1939.0,Unf,1.0,240.0,TA,TA,Y,0,0,136,0,0,0,,MnPrv,,0,7,2007,WD,Normal,113114.145
999,2460,50,RM,,6240,Pave,,Reg,Lvl,AllPub,Inside,Gtl,BrkSide,Norm,Norm,1Fam,1.5Fin,6,5,1938,1950,Gable,CompShg,VinylSd,VinylSd,,0.0,TA,TA,BrkTil,TA,TA,No,LwQ,52.0,Unf,0.0,809.0,861.0,GasA,Gd,Y,SBrkr,861,548,0,1409,1.0,0.0,1,1,3,1,TA,6,Typ,1,Gd,Detchd,1968.0,Unf,2.0,528.0,TA,TA,Y,225,0,84,0,0,0,,,,0,3,2007,WD,Normal,133671.695
1000,2461,50,RM,52.0,6240,Pave,,Reg,Lvl,AllPub,Inside,Gtl,BrkSide,Norm,Norm,1Fam,1.5Fin,5,8,1939,1952,Gable,CompShg,Wd Sdng,Wd Sdng,,0.0,TA,Gd,BrkTil,TA,TA,No,Rec,48.0,Unf,0.0,624.0,672.0,GasA,Ex,Y,SBrkr,899,423,0,1322,1.0,0.0,1,0,4,1,TA,7,Typ,0,,Detchd,1939.0,Unf,1.0,280.0,TA,TA,Y,0,0,0,0,0,0,,MnPrv,,0,7,2007,WD,Normal,119847.17
1001,2462,50,RM,52.0,6240,Pave,,Reg,Lvl,AllPub,Inside,Gtl,BrkSide,Norm,Norm,1Fam,1.5Fin,5,7,1930,1992,Gable,CompShg,Wd Sdng,Wd Sdng,,0.0,TA,TA,BrkTil,TA,TA,No,Unf,0.0,Unf,0.0,966.0,966.0,GasA,Ex,Y,SBrkr,1014,412,0,1426,0.0,0.0,1,0,3,1,TA,6,Typ,1,Gd,Detchd,1930.0,Unf,1.0,230.0,Fa,TA,Y,174,0,96,0,0,0,,GdPrv,,0,7,2007,WD,Normal,129533.34
1002,2463,50,RM,51.0,6120,Pave,,Reg,Lvl,AllPub,Inside,Gtl,BrkSide,Norm,Norm,1Fam,1.5Fin,5,6,1926,1950,Gable,CompShg,Wd Sdng,Wd Sdng,,0.0,TA,TA,BrkTil,TA,TA,No,ALQ,351.0,Unf,0.0,405.0,756.0,GasA,Gd,Y,FuseA,903,378,0,1281,1.0,0.0,1,0,2,1,Gd,6,Typ,0,,Detchd,1926.0,Unf,2.0,379.0,TA,TA,Y,25,0,0,0,0,0,,,,0,8,2007,WD,Normal,116818.125
1003,2464,70,RM,47.0,7755,Pave,,Reg,Lvl,AllPub,Inside,Gtl,OldTown,Norm,Norm,1Fam,2Story,6,8,1918,1995,Gable,CompShg,Wd Sdng,Wd Sdng,,0.0,TA,Gd,CBlock,TA,TA,No,Unf,0.0,Unf,0.0,1100.0,1100.0,GasA,Ex,Y,FuseA,1100,1164,0,2264,0.0,0.0,2,1,4,1,TA,8,Typ,0,,Detchd,1950.0,Unf,1.0,408.0,TA,TA,Y,0,152,0,0,0,0,,MnPrv,,0,5,2007,WD,Normal,159371.86
1004,2465,50,RL,60.0,8850,Pave,Pave,Reg,Bnk,AllPub,Inside,Gtl,BrkSide,Norm,Norm,1Fam,1.5Fin,6,7,1920,1950,Gable,CompShg,Wd Sdng,Wd Shng,,0.0,TA,Gd,PConc,TA,TA,No,Unf,0.0,Unf,0.0,768.0,768.0,GasA,Ex,Y,SBrkr,752,624,0,1376,0.0,0.0,1,0,3,1,Gd,7,Typ,0,,Detchd,1977.0,Unf,2.0,576.0,TA,TA,P,0,54,144,0,0,0,,,,0,2,2007,WD,Normal,133296.01
1005,2466,50,RL,60.0,8550,Pave,,Reg,Lvl,AllPub,Inside,Gtl,BrkSide,RRAn,Norm,1Fam,1.5Fin,5,5,1926,1950,Gable,CompShg,HdBoard,HdBoard,,0.0,TA,TA,PConc,Fa,TA,No,Unf,0.0,Unf,0.0,750.0,750.0,GasA,TA,Y,SBrkr,960,356,0,1316,0.0,0.0,1,0,4,1,TA,7,Typ,0,,Detchd,1965.0,Unf,2.0,576.0,TA,TA,Y,0,0,0,0,0,0,,,,0,10,2007,ConLw,Family,122274.52
1006,2467,70,RM,,5700,Pave,,IR1,Lvl,AllPub,Corner,Gtl,OldTown,Feedr,Norm,1Fam,2Story,7,6,1929,1990,Gable,CompShg,Wd Sdng,Wd Shng,,0.0,TA,TA,BrkTil,TA,TA,No,Rec,336.0,Unf,0.0,336.0,672.0,GasA,Gd,N,FuseA,672,672,0,1344,1.0,0.0,1,1,3,1,Gd,6,Typ,1,Gd,Attchd,1979.0,Unf,2.0,456.0,TA,TA,Y,0,0,70,0,0,0,,GdPrv,,0,9,2007,WD,Normal,146351.615
1007,2468,45,RM,40.0,5680,Pave,Grvl,Reg,Lvl,AllPub,Inside,Gtl,OldTown,Norm,Norm,1Fam,1.5Fin,5,4,1901,1950,Gable,CompShg,AsbShng,AsbShng,,0.0,TA,TA,CBlock,TA,TA,No,Unf,0.0,Unf,0.0,592.0,592.0,GasA,TA,N,FuseA,933,240,0,1173,0.0,0.0,2,0,3,1,TA,7,Typ,0,,Detchd,1920.0,Unf,1.0,240.0,TA,Fa,Y,0,25,77,0,0,0,,MnPrv,,0,9,2007,WD,AdjLand,103319.31
1008,2469,50,RM,40.0,5680,Pave,Grvl,Reg,Lvl,AllPub,Inside,Gtl,OldTown,Norm,Norm,1Fam,1.5Fin,5,3,1901,1950,Gable,CompShg,AsbShng,AsbShng,,0.0,TA,TA,CBlock,TA,TA,No,Unf,0.0,Unf,0.0,969.0,969.0,GasA,TA,N,FuseA,969,245,0,1214,0.0,0.0,1,0,2,1,TA,6,Typ,0,,Detchd,1920.0,Unf,1.0,216.0,TA,TA,N,0,0,77,0,0,0,,MnPrv,,0,9,2007,WD,AdjLand,98974.54
1009,2470,80,RM,120.0,13200,Pave,,Reg,Lvl,AllPub,Corner,Gtl,IDOTRR,Norm,Norm,1Fam,SLvl,6,6,1963,1963,Gable,CompShg,HdBoard,HdBoard,BrkFace,234.0,TA,TA,CBlock,TA,TA,No,BLQ,375.0,Unf,0.0,366.0,741.0,GasA,Fa,Y,SBrkr,1497,797,0,2294,0.0,0.0,3,0,5,1,TA,9,Typ,1,Gd,Attchd,1963.0,Unf,2.0,658.0,TA,TA,Y,0,110,0,0,0,0,,,,0,4,2007,WD,Normal,182823.68
1010,2471,60,RM,60.0,9780,Pave,Grvl,Reg,Lvl,AllPub,Inside,Gtl,IDOTRR,Norm,Norm,1Fam,2Story,7,9,1950,2005,Gable,CompShg,VinylSd,VinylSd,,0.0,TA,Ex,CBlock,TA,TA,No,LwQ,354.0,Rec,398.0,224.0,976.0,GasA,Ex,Y,SBrkr,976,976,0,1952,0.0,0.0,1,1,4,1,Gd,8,Typ,2,TA,Detchd,1950.0,Fin,1.0,299.0,TA,TA,Y,285,0,0,0,216,0,,,,0,4,2007,WD,Normal,182200.35
1011,2472,50,RM,60.0,10320,Pave,Grvl,Reg,Lvl,AllPub,Inside,Gtl,IDOTRR,Norm,Norm,1Fam,1.5Fin,6,5,1915,1950,Gable,CompShg,MetalSd,MetalSd,,0.0,TA,TA,CBlock,TA,Fa,No,LwQ,375.0,Unf,0.0,763.0,1138.0,GasA,Gd,Y,SBrkr,1138,1042,0,2180,0.0,0.0,1,1,3,1,TA,7,Typ,1,Gd,Detchd,2006.0,Unf,2.0,720.0,TA,TA,N,0,0,170,0,0,0,,,,0,5,2007,WD,Normal,163294.445
1012,2473,190,RM,52.0,4330,Pave,Grvl,Reg,Lvl,AllPub,Inside,Gtl,IDOTRR,Norm,Norm,2fmCon,1.5Fin,4,6,1958,1958,Gable,CompShg,MetalSd,MetalSd,,0.0,TA,TA,BrkTil,Fa,TA,No,Rec,681.0,ALQ,127.0,0.0,808.0,GasA,TA,Y,SBrkr,838,477,0,1315,1.0,0.0,2,0,3,1,TA,5,Typ,0,,Detchd,1958.0,RFn,2.0,436.0,TA,TA,Y,0,0,0,0,0,0,,,,0,2,2007,COD,Abnorml,124242.03
1013,2474,50,RM,60.0,10320,Pave,Grvl,Reg,Lvl,AllPub,Corner,Gtl,IDOTRR,Artery,Norm,1Fam,1.5Fin,4,1,1910,1950,Gable,CompShg,Wd Sdng,Wd Sdng,,0.0,Fa,Fa,CBlock,TA,Fa,No,Unf,0.0,Unf,0.0,771.0,771.0,GasA,Fa,Y,SBrkr,866,504,114,1484,0.0,0.0,2,0,3,1,TA,6,,0,,Detchd,1910.0,Unf,1.0,264.0,TA,Fa,N,14,211,0,0,84,0,,,,0,9,2007,COD,Abnorml,112988.605
1014,2475,70,RL,107.0,12888,Pave,,Reg,Bnk,AllPub,Inside,Gtl,Sawyer,Feedr,Norm,1Fam,2Story,7,8,1937,1980,Gable,CompShg,Wd Sdng,Wd Sdng,,0.0,TA,Gd,CBlock,TA,TA,No,ALQ,288.0,Unf,0.0,717.0,1005.0,GasA,TA,Y,SBrkr,1262,1005,0,2267,1.0,0.0,1,1,3,1,TA,7,Typ,2,Gd,Attchd,1937.0,Fin,2.0,498.0,TA,TA,Y,521,0,0,0,0,0,,,,0,4,2007,WD,Normal,197951.41
1015,2476,190,RL,59.0,4484,Pave,,IR1,Lvl,AllPub,Corner,Gtl,SWISU,Norm,Norm,2fmCon,1.5Fin,5,6,1942,1979,Gable,CompShg,Plywood,Plywood,,0.0,TA,TA,CBlock,TA,TA,No,ALQ,485.0,Unf,0.0,187.0,672.0,GasA,TA,N,SBrkr,778,504,0,1282,1.0,0.0,1,0,2,1,TA,4,Typ,0,,Detchd,1942.0,Unf,1.0,240.0,TA,TA,Y,0,88,0,0,0,0,,MnPrv,,0,7,2007,WD,Normal,116748.39
1016,2477,190,RL,75.0,11235,Pave,,Reg,Lvl,AllPub,Inside,Gtl,Sawyer,Norm,Norm,2fmCon,SFoyer,5,5,1963,1963,Gable,CompShg,HdBoard,HdBoard,,0.0,TA,TA,CBlock,Gd,TA,Av,ALQ,925.0,Unf,0.0,0.0,925.0,GasA,TA,Y,SBrkr,999,0,0,999,1.0,0.0,1,0,3,1,TA,6,Typ,0,,Detchd,1963.0,Unf,1.0,308.0,TA,TA,Y,40,176,0,0,0,0,,MnPrv,,0,3,2007,WD,Normal,130662.65
1017,2478,85,RL,75.0,11235,Pave,,Reg,Lvl,AllPub,Inside,Gtl,Sawyer,Norm,Norm,1Fam,SFoyer,5,5,1964,1980,Gable,CompShg,HdBoard,HdBoard,BrkFace,30.0,TA,TA,CBlock,Gd,TA,Av,BLQ,785.0,Unf,0.0,635.0,1420.0,GasA,Gd,Y,SBrkr,1452,0,0,1452,1.0,0.0,1,0,2,1,TA,6,Min2,1,TA,Detchd,1964.0,Unf,2.0,572.0,TA,TA,Y,92,0,88,0,0,0,,,,0,11,2007,WD,Normal,159455.6
1018,2479,20,RL,62.0,14299,Pave,,Reg,Lvl,AllPub,Inside,Gtl,Sawyer,Feedr,Norm,1Fam,1Story,4,3,1964,1964,Gable,CompShg,HdBoard,HdBoard,,0.0,TA,TA,CBlock,TA,TA,No,Rec,513.0,LwQ,144.0,348.0,1005.0,GasA,TA,Y,SBrkr,1005,0,0,1005,1.0,0.0,1,0,3,1,TA,5,Typ,0,,Detchd,1964.0,Unf,2.0,440.0,TA,TA,N,0,0,0,0,0,0,,MnPrv,,0,7,2007,WD,Normal,126579.01
1019,2480,80,RL,65.0,14149,Pave,,IR1,Lvl,AllPub,Inside,Gtl,Sawyer,Norm,Norm,1Fam,SLvl,5,8,1964,2001,Hip,CompShg,HdBoard,HdBoard,BrkFace,50.0,Gd,Gd,CBlock,TA,TA,Gd,LwQ,68.0,BLQ,722.0,190.0,980.0,GasA,TA,Y,SBrkr,1020,0,0,1020,0.0,1.0,2,0,3,1,TA,5,Typ,1,Po,Detchd,1970.0,Unf,2.0,528.0,TA,TA,Y,0,0,0,0,0,0,,,,0,5,2007,WD,Normal,160417.18
1020,2481,20,RL,,11677,Pave,,IR1,Lvl,AllPub,Inside,Gtl,Sawyer,Norm,Norm,1Fam,1Story,5,4,1966,1966,Gable,CompShg,HdBoard,HdBoard,BrkFace,442.0,TA,TA,CBlock,TA,TA,Av,Rec,249.0,BLQ,761.0,30.0,1040.0,GasA,TA,Y,SBrkr,1040,0,0,1040,1.0,0.0,1,0,3,1,TA,6,Typ,0,,Attchd,1966.0,RFn,1.0,264.0,TA,TA,Y,0,90,0,0,0,0,,MnPrv,,0,2,2007,WD,Normal,139127.54
1021,2482,190,RL,70.0,8425,Pave,,Reg,Lvl,AllPub,FR3,Gtl,Sawyer,Feedr,Norm,2fmCon,1Story,5,6,1971,1990,Gable,CompShg,HdBoard,HdBoard,,0.0,TA,TA,CBlock,Gd,TA,Av,GLQ,748.0,Unf,0.0,20.0,768.0,GasA,Gd,Y,SBrkr,868,0,0,868,1.0,0.0,1,0,2,1,TA,6,Typ,0,,Detchd,1989.0,Unf,2.0,576.0,TA,TA,Y,138,0,0,0,0,0,,GdPrv,,0,5,2007,WD,Normal,135531.385
1022,2483,20,RL,86.0,8665,Pave,,IR1,Lvl,AllPub,Inside,Gtl,Sawyer,Norm,Norm,1Fam,1Story,5,5,1968,1968,Gable,CompShg,HdBoard,HdBoard,BrkFace,89.0,TA,TA,CBlock,TA,TA,Mn,Rec,168.0,BLQ,288.0,420.0,876.0,GasA,TA,Y,SBrkr,897,0,0,897,0.0,0.0,1,0,3,1,TA,5,Typ,0,,Attchd,1968.0,RFn,1.0,264.0,TA,TA,Y,0,0,0,0,0,0,,,,0,1,2007,WD,Normal,126240.08
1023,2484,20,RL,,8398,Pave,,IR1,Lvl,AllPub,Inside,Gtl,Sawyer,Norm,Norm,1Fam,1Story,5,5,1967,1967,Gable,CompShg,MetalSd,MetalSd,BrkFace,323.0,TA,Gd,CBlock,TA,TA,No,LwQ,114.0,BLQ,529.0,300.0,943.0,GasA,TA,Y,SBrkr,943,0,0,943,1.0,0.0,1,0,2,1,TA,5,Typ,0,,Detchd,1972.0,Unf,2.0,528.0,TA,TA,Y,132,0,0,0,0,0,,,,0,6,2007,WD,Normal,130755.18
1024,2485,20,RL,,8169,Pave,,Reg,Lvl,AllPub,Corner,Gtl,Sawyer,Feedr,Norm,1Fam,1Story,5,7,1966,1966,Gable,CompShg,Plywood,Plywood,,0.0,TA,Gd,CBlock,TA,TA,No,Rec,216.0,ALQ,435.0,261.0,912.0,GasA,Ex,Y,SBrkr,912,0,0,912,1.0,0.0,1,0,3,1,Gd,6,Typ,0,,Detchd,1966.0,Unf,1.0,315.0,TA,TA,Y,204,0,0,0,0,0,,MnPrv,,0,7,2007,WD,Normal,127540.33
1025,2486,20,RL,81.0,14175,Pave,,Reg,Bnk,AllPub,Inside,Mod,Sawyer,PosA,Norm,1Fam,1Story,5,5,1956,1998,Hip,CompShg,BrkFace,BrkFace,,0.0,TA,TA,CBlock,TA,TA,No,Rec,386.0,ALQ,522.0,332.0,1240.0,GasA,Gd,Y,SBrkr,1375,0,0,1375,1.0,0.0,1,0,3,1,TA,6,Typ,1,Gd,Attchd,1956.0,Unf,1.0,323.0,TA,TA,Y,0,0,0,0,0,0,,,,0,12,2007,WD,Normal,153001.705
1026,2487,60,RL,99.0,16779,Pave,,Reg,Lvl,AllPub,Inside,Gtl,Sawyer,Feedr,Norm,1Fam,2Story,5,4,1920,1996,Gable,CompShg,Wd Sdng,Wd Sdng,BrkFace,356.0,TA,Fa,CBlock,Gd,TA,No,BLQ,267.0,Unf,0.0,404.0,671.0,GasA,Fa,Y,SBrkr,1567,1087,0,2654,0.0,0.0,3,0,4,1,TA,11,Mod,1,Gd,Attchd,1946.0,Unf,2.0,638.0,TA,TA,Y,128,570,0,0,0,0,,,Shed,500,5,2007,WD,Normal,204866.405
1027,2488,50,RL,70.0,6960,Pave,,Reg,Lvl,AllPub,Inside,Gtl,Sawyer,Norm,Norm,1Fam,1.5Fin,7,8,1940,1998,Gable,CompShg,Wd Sdng,Wd Sdng,,0.0,TA,TA,BrkTil,TA,TA,No,ALQ,258.0,Unf,0.0,422.0,680.0,GasA,Ex,Y,FuseA,798,504,0,1302,0.0,0.0,1,1,2,1,Gd,6,Typ,2,Gd,Attchd,1940.0,Unf,1.0,224.0,TA,TA,Y,0,0,0,0,126,0,,MnPrv,,0,7,2007,WD,Normal,146305.45
1028,2489,20,RL,91.0,11375,Pave,,Reg,Lvl,AllPub,Inside,Gtl,Sawyer,Norm,Norm,1Fam,1Story,6,5,1954,1995,Gable,CompShg,VinylSd,VinylSd,,0.0,TA,TA,CBlock,TA,TA,No,Rec,736.0,Unf,0.0,231.0,967.0,GasA,TA,Y,SBrkr,1299,0,0,1299,0.0,0.0,1,0,3,1,Gd,6,Typ,1,TA,Attchd,1954.0,Unf,2.0,494.0,TA,TA,Y,81,0,280,0,0,0,,,,0,10,2007,WD,Normal,155830.96
1029,2490,20,RL,85.0,13770,Pave,,Reg,Lvl,AllPub,Corner,Gtl,Sawyer,Feedr,Norm,1Fam,1Story,5,6,1958,1998,Gable,CompShg,Plywood,Plywood,BrkFace,340.0,TA,TA,CBlock,TA,TA,Mn,Rec,190.0,BLQ,873.0,95.0,1158.0,GasA,TA,Y,SBrkr,1176,0,0,1176,1.0,0.0,1,0,3,1,TA,6,Typ,2,Gd,Attchd,1958.0,Unf,1.0,303.0,TA,TA,Y,0,0,0,0,0,0,,,,0,10,2007,,Normal,149681.685
1030,2491,20,RL,,9000,Pave,,Reg,Lvl,AllPub,Inside,Gtl,Sawyer,Norm,Norm,1Fam,1Story,4,7,1945,1950,Gable,CompShg,Wd Sdng,Wd Sdng,,0.0,Fa,TA,Slab,,,,,0.0,,0.0,0.0,0.0,GasA,TA,N,FuseA,998,0,0,998,0.0,0.0,1,0,3,1,TA,5,Min2,0,,2Types,1952.0,Unf,2.0,460.0,Fa,TA,Y,0,0,140,0,0,0,,,,0,5,2007,WD,Normal,102587.445
1031,2492,20,RL,,11075,Pave,,Reg,Lvl,AllPub,Corner,Gtl,ClearCr,Norm,Norm,1Fam,1Story,6,5,1984,1984,Hip,CompShg,Wd Sdng,Wd Sdng,BrkFace,136.0,TA,TA,PConc,Gd,TA,No,BLQ,299.0,LwQ,891.0,0.0,1190.0,GasA,Ex,Y,SBrkr,1522,0,0,1522,0.0,0.0,2,0,3,1,TA,7,Typ,1,TA,Attchd,1984.0,Fin,2.0,552.0,TA,TA,Y,0,77,0,0,168,0,,GdPrv,,0,2,2007,WD,Normal,190901.625
1032,2493,20,RL,,17541,Pave,,IR1,Lvl,AllPub,Corner,Gtl,Edwards,Norm,Norm,1Fam,1Story,5,7,1948,2005,Hip,CompShg,Wd Sdng,Wd Sdng,,0.0,TA,Gd,CBlock,TA,Gd,Mn,BLQ,300.0,Unf,0.0,109.0,409.0,GasA,Ex,Y,SBrkr,1325,0,0,1325,0.0,0.0,2,0,3,1,Gd,6,Typ,1,TA,Detchd,1996.0,Unf,2.0,576.0,TA,TA,Y,0,42,0,0,0,0,,,,0,7,2007,WD,Normal,157187.01
1033,2494,20,RL,,22692,Pave,,IR1,Lvl,AllPub,Inside,Gtl,Edwards,Norm,Norm,1Fam,1Story,5,5,1953,1953,Gable,CompShg,MetalSd,MetalSd,,0.0,TA,TA,CBlock,TA,TA,No,Rec,587.0,Unf,0.0,486.0,1073.0,GasA,TA,Y,SBrkr,1630,0,0,1630,0.0,0.0,2,0,3,1,TA,6,Mod,1,TA,Detchd,1953.0,Unf,2.0,649.0,TA,TA,P,0,64,0,0,0,0,,,,0,3,2007,COD,Normal,161250.6
1034,2495,20,RL,84.0,17808,Pave,,Reg,Lvl,AllPub,Inside,Gtl,Edwards,Feedr,Norm,1Fam,1Story,4,5,1946,1950,Gable,CompShg,Wd Sdng,Wd Sdng,,0.0,TA,TA,CBlock,TA,TA,No,Unf,0.0,Unf,0.0,484.0,484.0,GasA,TA,N,SBrkr,1242,0,0,1242,0.0,0.0,1,0,2,1,TA,4,Mod,0,,Attchd,1946.0,Unf,1.0,336.0,TA,TA,N,0,0,0,0,0,0,,,,0,7,2007,WD,Normal,107764.5
1035,2496,20,RL,102.0,12671,Pave,,IR1,Lvl,AllPub,Corner,Gtl,ClearCr,Norm,Norm,1Fam,1Story,6,7,1954,1994,Hip,CompShg,MetalSd,MetalSd,Stone,300.0,TA,Gd,CBlock,Gd,Fa,No,LwQ,353.0,Unf,0.0,935.0,1288.0,GasA,Ex,Y,SBrkr,2422,0,0,2422,0.0,0.0,3,0,4,1,Gd,6,Min2,2,Gd,Attchd,1954.0,Fin,2.0,527.0,TA,TA,Y,0,63,0,0,144,0,,,,0,7,2007,WD,Normal,222887.175
1036,2497,50,RL,70.0,10512,Pave,,Reg,Lvl,AllPub,Inside,Gtl,Edwards,Norm,Norm,1Fam,1.5Fin,6,6,1954,1954,Gable,CompShg,Wd Sdng,Wd Sdng,,0.0,TA,TA,CBlock,TA,TA,No,BLQ,491.0,Unf,0.0,497.0,988.0,GasA,Ex,Y,SBrkr,988,638,0,1626,0.0,0.0,1,1,3,1,Gd,6,Typ,0,,Attchd,1954.0,Unf,1.0,332.0,TA,TA,Y,366,0,0,0,0,0,,,,0,5,2007,WD,Normal,146167.375
1037,2498,20,RL,60.0,5400,Pave,,Reg,HLS,AllPub,Inside,Gtl,SWISU,Norm,Norm,1Fam,1Story,5,5,1958,1958,Gable,CompShg,MetalSd,MetalSd,,0.0,TA,TA,CBlock,TA,TA,No,Rec,453.0,Unf,0.0,411.0,864.0,GasA,TA,Y,SBrkr,864,0,0,864,0.0,1.0,1,0,3,1,TA,6,Typ,0,,Attchd,1958.0,Unf,1.0,399.0,TA,TA,Y,0,0,0,0,0,0,,,,0,5,2007,WD,Normal,120558.26
1038,2499,30,RL,,11515,Pave,,IR1,Lvl,AllPub,CulDSac,Gtl,Edwards,Norm,Norm,1Fam,1Story,4,5,1958,1994,Gable,CompShg,HdBoard,HdBoard,,0.0,TA,TA,Slab,,,,,0.0,,0.0,0.0,0.0,GasA,TA,N,SBrkr,943,0,0,943,0.0,0.0,1,0,3,1,Gd,5,Min2,0,,Detchd,1958.0,Unf,1.0,308.0,TA,TA,N,0,0,60,0,0,0,,,,0,8,2007,WD,Normal,109468.205
1039,2500,120,RL,39.0,3869,Pave,,Reg,Lvl,AllPub,Inside,Mod,Edwards,Norm,Norm,TwnhsE,1Story,5,6,1984,1984,Gable,CompShg,Wd Sdng,Wd Sdng,BrkFace,149.0,Gd,Ex,CBlock,TA,TA,No,LwQ,283.0,GLQ,755.0,0.0,1038.0,GasA,Gd,Y,SBrkr,1038,0,0,1038,0.0,0.0,2,0,2,1,TA,5,Typ,0,,Attchd,1984.0,RFn,1.0,264.0,TA,TA,Y,0,105,0,0,0,0,,,,0,7,2007,WD,Normal,139870.0
1040,2501,20,RL,58.0,9280,Pave,,Reg,Lvl,AllPub,Inside,Gtl,Edwards,Norm,Norm,1Fam,1Story,5,6,1951,1951,Gable,CompShg,Wd Sdng,Wd Sdng,,0.0,TA,TA,CBlock,Fa,TA,No,ALQ,557.0,Unf,0.0,785.0,1342.0,GasA,Ex,Y,SBrkr,1342,0,0,1342,1.0,0.0,1,0,4,1,TA,7,Typ,0,,Detchd,1951.0,Unf,1.0,256.0,TA,TA,Y,0,0,0,0,0,0,,,,0,4,2007,WD,Normal,133308.11
1041,2502,50,RL,60.0,11100,Pave,,Reg,Lvl,AllPub,Inside,Gtl,Edwards,Norm,Norm,1Fam,1.5Fin,5,6,1951,1994,Gable,CompShg,Wd Sdng,Wd Sdng,,0.0,TA,TA,PConc,TA,TA,Mn,LwQ,1080.0,Unf,0.0,0.0,1080.0,GasA,TA,N,SBrkr,1080,400,0,1480,1.0,0.0,1,0,4,1,TA,7,Typ,1,Gd,Attchd,1951.0,Unf,1.0,253.0,TA,TA,Y,0,0,68,0,0,0,,,,0,7,2007,WD,Normal,138882.52
1042,2503,50,RL,50.0,7550,Pave,,Reg,Lvl,AllPub,Inside,Gtl,Edwards,Norm,Norm,1Fam,1.5Fin,4,5,1920,1950,Gambrel,CompShg,MetalSd,MetalSd,,0.0,Fa,Fa,BrkTil,TA,Fa,No,Unf,0.0,Unf,0.0,951.0,951.0,GasW,Fa,N,SBrkr,986,376,0,1362,0.0,0.0,2,0,4,1,TA,7,Typ,0,,Detchd,1920.0,Unf,1.0,280.0,Fa,TA,P,0,0,0,0,0,0,,MnPrv,,0,3,2007,WD,Normal,110401.73
1043,2504,50,RL,104.0,23920,Pave,,Reg,Lvl,AllPub,Inside,Gtl,SawyerW,Feedr,Norm,1Fam,1.5Fin,6,5,1984,1984,Gable,CompShg,Wd Sdng,Wd Sdng,,0.0,TA,TA,CBlock,TA,TA,No,Unf,0.0,Unf,0.0,1105.0,1105.0,GasA,Ex,Y,SBrkr,1105,717,0,1822,0.0,0.0,2,0,4,1,Gd,7,Min2,1,Po,Attchd,1984.0,Unf,2.0,515.0,TA,TA,P,0,195,1012,0,0,444,,,,0,4,2007,WD,Normal,184279.945
1044,2505,60,RL,75.0,9317,Pave,,Reg,Lvl,AllPub,Inside,Gtl,SawyerW,Norm,Norm,1Fam,2Story,7,5,1994,2001,Gable,CompShg,VinylSd,VinylSd,,0.0,Gd,Gd,PConc,Gd,Gd,No,GLQ,497.0,Unf,0.0,282.0,779.0,GasA,Ex,Y,SBrkr,1029,929,0,1958,1.0,0.0,2,1,3,1,Gd,7,Typ,1,TA,Attchd,1994.0,RFn,2.0,499.0,TA,TA,Y,202,93,0,0,0,0,,,,0,7,2007,CWD,Normal,220667.73
1045,2506,20,RL,71.0,9178,Pave,,Reg,Lvl,AllPub,Inside,Gtl,CollgCr,Norm,Norm,1Fam,1Story,8,5,2007,2007,Gable,CompShg,VinylSd,VinylSd,Stone,306.0,Gd,TA,PConc,Gd,TA,Av,Unf,0.0,Unf,0.0,1643.0,1643.0,GasA,Ex,Y,SBrkr,1651,0,0,1651,0.0,0.0,2,0,3,1,Gd,7,Typ,1,Gd,Attchd,2007.0,Fin,3.0,870.0,TA,TA,Y,204,64,0,0,0,0,,,,0,9,2007,New,Partial,252714.31
1046,2507,20,RL,93.0,10481,Pave,,IR1,Lvl,AllPub,Inside,Gtl,CollgCr,Norm,Norm,1Fam,1Story,8,5,2006,2007,Hip,CompShg,CemntBd,CmentBd,,0.0,Gd,TA,PConc,Gd,TA,Av,Unf,0.0,Unf,0.0,2140.0,2140.0,GasA,Ex,Y,SBrkr,2140,0,0,2140,0.0,0.0,2,1,3,1,Gd,8,Typ,0,,Attchd,2006.0,Fin,3.0,894.0,TA,TA,Y,136,32,0,0,0,0,,,,0,6,2007,New,Partial,292238.95
1047,2508,20,RL,66.0,10235,Pave,,IR1,Lvl,AllPub,Inside,Gtl,CollgCr,Norm,Norm,1Fam,1Story,8,5,2007,2007,Gable,CompShg,VinylSd,VinylSd,Stone,306.0,Gd,TA,PConc,Gd,TA,Av,Unf,0.0,Unf,0.0,1643.0,1643.0,GasA,Ex,Y,SBrkr,1651,0,0,1651,0.0,0.0,2,0,3,1,Gd,7,Typ,1,Gd,Attchd,2007.0,RFn,3.0,870.0,TA,TA,Y,192,64,0,0,0,0,,,,0,9,2007,New,Partial,253505.9
1048,2509,20,RL,75.0,11750,Pave,,IR1,Lvl,AllPub,Inside,Gtl,CollgCr,Norm,Norm,1Fam,1Story,7,5,2005,2006,Gable,CompShg,VinylSd,VinylSd,BrkFace,204.0,Gd,TA,PConc,Gd,TA,Mn,GLQ,20.0,Unf,0.0,1526.0,1546.0,GasA,Ex,Y,SBrkr,1546,0,0,1546,0.0,0.0,2,0,3,1,Gd,7,Typ,0,,Attchd,2005.0,RFn,3.0,796.0,TA,TA,Y,144,42,0,0,0,0,,,,0,6,2007,WD,Normal,224208.94
1049,2510,20,RL,73.0,8760,Pave,,Reg,Lvl,AllPub,Inside,Gtl,CollgCr,Norm,Norm,1Fam,1Story,8,5,2006,2006,Gable,CompShg,VinylSd,VinylSd,BrkFace,132.0,Gd,TA,PConc,Gd,TA,No,GLQ,36.0,Unf,0.0,1453.0,1489.0,GasA,Ex,Y,SBrkr,1500,0,0,1500,0.0,0.0,2,0,3,1,Gd,7,Typ,1,Gd,Attchd,2005.0,RFn,2.0,674.0,TA,TA,Y,144,38,0,0,0,0,,,,0,6,2007,WD,Normal,226227.17
1050,2511,20,RL,64.0,7242,Pave,,Reg,Lvl,AllPub,Inside,Gtl,CollgCr,Norm,Norm,1Fam,1Story,7,5,2005,2006,Gable,CompShg,VinylSd,VinylSd,,0.0,Gd,TA,PConc,Gd,TA,No,Unf,0.0,Unf,0.0,1270.0,1270.0,GasA,Ex,Y,SBrkr,1270,0,0,1270,0.0,0.0,2,0,2,1,Gd,6,Typ,0,,Attchd,2005.0,RFn,2.0,524.0,TA,TA,Y,0,96,0,0,0,0,,,,0,7,2007,WD,Normal,187640.74
1051,2512,60,RL,78.0,9316,Pave,,Reg,Lvl,AllPub,Inside,Gtl,CollgCr,Norm,Norm,1Fam,2Story,7,5,2005,2006,Gable,CompShg,VinylSd,VinylSd,,0.0,Gd,TA,PConc,Gd,TA,Gd,Unf,0.0,Unf,0.0,879.0,879.0,GasA,Ex,Y,SBrkr,879,916,0,1795,0.0,0.0,2,1,3,1,Gd,7,Typ,0,,Attchd,2005.0,RFn,2.0,578.0,TA,TA,Y,164,111,0,0,0,0,,,,0,10,2007,WD,Normal,210320.395
1052,2513,60,RL,,8883,Pave,,IR1,Lvl,AllPub,Inside,Gtl,SawyerW,Norm,Norm,1Fam,2Story,7,5,1988,1988,Gable,CompShg,HdBoard,HdBoard,BrkFace,360.0,Gd,TA,PConc,Gd,TA,No,GLQ,608.0,LwQ,321.0,0.0,929.0,GasA,Ex,Y,SBrkr,946,927,0,1873,1.0,0.0,2,1,3,1,Gd,7,Typ,1,TA,Attchd,1988.0,RFn,2.0,619.0,TA,TA,Y,108,48,0,0,144,0,,GdPrv,,0,5,2007,WD,Normal,221706.275
1053,2514,20,RL,155.0,20064,Pave,,IR1,Low,AllPub,Inside,Sev,ClearCr,Norm,Norm,1Fam,1Story,8,6,1976,1976,Shed,WdShngl,Wd Sdng,Wd Sdng,,0.0,Gd,TA,CBlock,Gd,Gd,Gd,LwQ,51.0,GLQ,915.0,0.0,966.0,GasA,Ex,Y,SBrkr,1743,0,0,1743,2.0,0.0,0,1,0,1,Gd,5,Typ,2,Fa,Attchd,1976.0,Fin,2.0,529.0,TA,TA,Y,646,0,0,0,0,0,,,,0,5,2007,WD,Normal,244529.165
1054,2515,20,RL,,14217,Pave,,IR2,Lvl,AllPub,CulDSac,Gtl,CollgCr,Norm,Norm,1Fam,1Story,5,5,1994,1994,Gable,CompShg,VinylSd,VinylSd,,0.0,TA,TA,PConc,Gd,TA,No,ALQ,550.0,Unf,0.0,472.0,1022.0,GasA,Gd,Y,SBrkr,1022,0,0,1022,0.0,1.0,1,0,3,1,TA,6,Typ,0,,Detchd,1995.0,Unf,2.0,747.0,TA,TA,Y,0,0,0,0,0,0,,,,0,8,2007,WD,Normal,151958.08
1055,2516,60,RL,57.0,10021,Pave,,IR1,Lvl,AllPub,Inside,Gtl,CollgCr,Norm,Norm,1Fam,2Story,6,6,1997,2006,Gable,CompShg,VinylSd,VinylSd,,0.0,TA,Gd,PConc,Gd,TA,No,GLQ,539.0,Unf,0.0,96.0,635.0,GasA,Ex,Y,SBrkr,646,662,0,1308,1.0,0.0,2,1,3,1,Gd,6,Typ,0,,Attchd,1997.0,RFn,2.0,497.0,TA,TA,Y,142,54,0,0,0,0,,,,0,5,2007,WD,Normal,181262.18
1056,2517,20,RL,60.0,8428,Pave,,IR2,Lvl,AllPub,Inside,Gtl,CollgCr,Norm,Norm,1Fam,1Story,5,7,1994,1994,Gable,CompShg,VinylSd,VinylSd,,0.0,TA,Gd,PConc,Gd,Gd,No,GLQ,420.0,Unf,0.0,570.0,990.0,GasA,Ex,Y,SBrkr,990,0,0,990,1.0,0.0,1,0,3,1,TA,5,Typ,0,,Detchd,1995.0,Unf,1.0,384.0,TA,TA,Y,256,0,0,0,0,0,,,,0,7,2007,WD,Normal,138275.84
1057,2518,20,RL,70.0,16561,Pave,,IR2,Low,AllPub,Inside,Mod,CollgCr,Norm,Norm,1Fam,1Story,5,5,1996,1996,Gable,CompShg,VinylSd,VinylSd,,0.0,TA,TA,PConc,Gd,TA,No,ALQ,549.0,Unf,0.0,548.0,1097.0,GasA,Ex,Y,SBrkr,1097,0,0,1097,1.0,0.0,1,1,3,1,TA,6,Typ,0,,Attchd,1996.0,Unf,1.0,242.0,TA,TA,Y,306,0,0,0,0,0,,GdPrv,,0,7,2007,WD,Normal,150241.155
1058,2519,60,RL,47.0,10820,Pave,,IR2,Lvl,AllPub,CulDSac,Gtl,CollgCr,Norm,Norm,1Fam,2Story,7,5,1999,1999,Gable,CompShg,VinylSd,VinylSd,,0.0,Gd,TA,PConc,Gd,TA,Gd,GLQ,342.0,Unf,0.0,646.0,988.0,GasA,Ex,Y,SBrkr,988,885,0,1873,0.0,0.0,2,1,3,1,Gd,7,Typ,1,TA,Attchd,1999.0,RFn,2.0,597.0,TA,TA,Y,202,123,0,0,0,0,,,,0,3,2007,WD,Normal,225948.59
1059,2520,60,RL,43.0,12352,Pave,,IR2,Lvl,AllPub,CulDSac,Gtl,CollgCr,Norm,Norm,1Fam,2Story,7,5,1998,1999,Gable,CompShg,VinylSd,VinylSd,BrkFace,290.0,Gd,TA,PConc,Gd,TA,No,GLQ,638.0,Unf,0.0,215.0,853.0,GasA,Ex,Y,SBrkr,853,900,0,1753,1.0,0.0,2,1,3,1,TA,7,Typ,1,Fa,Attchd,1998.0,RFn,2.0,534.0,TA,TA,Y,0,74,0,0,0,0,,,,0,3,2007,WD,Normal,210825.265
1060,2521,60,RL,68.0,9543,Pave,,IR1,Lvl,AllPub,Inside,Gtl,CollgCr,Norm,Norm,1Fam,2Story,7,5,2001,2001,Gable,CompShg,VinylSd,VinylSd,,0.0,Gd,TA,PConc,Gd,TA,No,Unf,0.0,Unf,0.0,845.0,845.0,GasA,Ex,Y,SBrkr,845,845,0,1690,0.0,0.0,2,1,3,1,Gd,7,Typ,0,,Attchd,2001.0,RFn,2.0,517.0,TA,TA,Y,0,103,0,0,0,0,,,,0,2,2007,WD,Normal,195926.21
1061,2522,60,RL,,8826,Pave,,Reg,Lvl,AllPub,Inside,Gtl,CollgCr,Norm,Norm,1Fam,2Story,7,5,2000,2000,Gable,CompShg,VinylSd,VinylSd,BrkFace,144.0,Gd,TA,PConc,Gd,TA,No,GLQ,841.0,Unf,0.0,144.0,985.0,GasA,Ex,Y,SBrkr,985,857,0,1842,1.0,0.0,2,1,3,1,Gd,7,Typ,1,TA,Attchd,2000.0,Fin,2.0,486.0,TA,TA,Y,193,96,0,0,0,0,,,,0,7,2007,WD,Normal,218870.945
1062,2523,20,RL,97.0,11800,Pave,,IR1,Bnk,AllPub,Inside,Gtl,CollgCr,Norm,Norm,1Fam,1Story,5,5,1974,1974,Gable,CompShg,HdBoard,HdBoard,,0.0,TA,TA,CBlock,Gd,TA,Av,BLQ,663.0,Unf,0.0,201.0,864.0,GasA,TA,Y,SBrkr,894,0,0,894,0.0,0.0,1,0,3,1,TA,5,Typ,0,,Attchd,1974.0,Unf,2.0,440.0,TA,TA,Y,0,0,0,0,0,0,,,,0,8,2007,WD,Family,132851.97
1063,2524,80,RL,59.0,8660,Pave,,IR1,Lvl,AllPub,Inside,Gtl,CollgCr,Norm,Norm,1Fam,SLvl,5,5,1976,1976,Gable,CompShg,VinylSd,VinylSd,BrkFace,113.0,TA,Gd,CBlock,Gd,TA,Av,GLQ,502.0,Unf,0.0,513.0,1015.0,GasA,TA,Y,SBrkr,1025,0,0,1025,0.0,0.0,2,0,3,1,TA,6,Typ,1,Fa,Detchd,1979.0,Unf,2.0,370.0,TA,TA,Y,127,0,0,0,0,0,,,,0,7,2007,WD,Normal,145569.345
1064,2525,80,RL,72.0,9720,Pave,,Reg,Lvl,AllPub,Inside,Gtl,CollgCr,Norm,Norm,1Fam,SLvl,5,7,1977,1977,Gable,CompShg,Plywood,VinylSd,BrkFace,51.0,TA,TA,CBlock,TA,,Av,ALQ,755.0,Unf,0.0,240.0,995.0,GasA,TA,Y,SBrkr,1009,0,0,1009,0.0,0.0,2,0,3,1,TA,6,Typ,1,Fa,Detchd,1977.0,Unf,2.0,576.0,TA,TA,Y,0,0,0,0,0,0,,MnPrv,,0,6,2007,WD,Normal,144772.735
1065,2526,20,RL,45.0,8982,Pave,,IR1,Lvl,AllPub,CulDSac,Gtl,CollgCr,Norm,Norm,1Fam,1Story,5,5,1977,1977,Gable,CompShg,CemntBd,CmentBd,,0.0,TA,TA,CBlock,Gd,TA,Av,ALQ,539.0,Unf,0.0,501.0,1040.0,GasA,TA,Y,SBrkr,1040,0,0,1040,0.0,0.0,1,1,3,1,TA,5,Typ,0,,Detchd,1977.0,Unf,2.0,748.0,TA,TA,Y,0,0,0,0,0,0,,MnPrv,,0,1,2007,WD,Normal,140836.01
1066,2527,20,RL,39.0,16300,Pave,,IR1,Lvl,AllPub,CulDSac,Gtl,CollgCr,Norm,Norm,1Fam,1Story,5,4,1977,1977,Gable,CompShg,HdBoard,HdBoard,,0.0,TA,TA,CBlock,Gd,TA,Av,Rec,60.0,BLQ,417.0,399.0,876.0,GasA,TA,Y,SBrkr,907,0,0,907,1.0,0.0,1,0,3,1,TA,5,Typ,0,,Attchd,1977.0,RFn,1.0,308.0,TA,TA,Y,0,0,0,0,0,0,,MnPrv,,0,1,2007,WD,Normal,129288.33
1067,2528,20,RL,75.0,9675,Pave,,Reg,Lvl,AllPub,Corner,Gtl,CollgCr,Norm,Norm,1Fam,1Story,5,6,1975,1975,Hip,CompShg,HdBoard,HdBoard,,0.0,TA,TA,CBlock,TA,TA,No,BLQ,330.0,Rec,432.0,102.0,864.0,GasA,TA,Y,SBrkr,879,0,0,879,0.0,0.0,1,0,3,1,TA,5,Typ,0,,Attchd,1975.0,Unf,2.0,440.0,TA,TA,Y,0,80,0,0,0,0,,,,0,9,2007,Con,Normal,131062.75
1068,2529,20,RL,60.0,7200,Pave,,Reg,Lvl,AllPub,Inside,Gtl,CollgCr,Norm,Norm,1Fam,1Story,5,5,1972,2000,Gable,CompShg,VinylSd,VinylSd,,0.0,TA,TA,CBlock,TA,TA,No,ALQ,671.0,Unf,0.0,193.0,864.0,GasA,Gd,Y,SBrkr,864,0,0,864,1.0,0.0,1,0,3,1,Ex,5,Typ,0,,Detchd,1977.0,Fin,2.0,576.0,Gd,Ex,Y,155,0,0,0,0,0,,,,0,9,2007,WD,Normal,139541.835
1069,2530,20,RL,60.0,7200,Pave,,Reg,Lvl,AllPub,Inside,Gtl,CollgCr,Norm,Norm,1Fam,1Story,4,8,1972,2006,Gable,CompShg,Plywood,Plywood,,0.0,TA,Gd,CBlock,TA,TA,No,Rec,385.0,Unf,0.0,0.0,385.0,GasA,Gd,Y,SBrkr,875,0,0,875,0.0,0.0,1,0,3,1,Gd,5,Typ,0,,Detchd,1975.0,Unf,2.0,728.0,TA,TA,Y,352,0,0,0,0,0,,,,0,10,2007,WD,Normal,127245.125
1070,2531,20,RL,,11354,Pave,,Reg,Lvl,AllPub,Inside,Gtl,CollgCr,Norm,Norm,1Fam,1Story,7,5,2000,2000,Gable,CompShg,VinylSd,VinylSd,,0.0,Gd,TA,PConc,TA,TA,Gd,GLQ,1412.0,Unf,0.0,261.0,1673.0,GasA,Ex,Y,SBrkr,1673,0,0,1673,1.0,0.0,2,0,3,1,Gd,7,Typ,1,TA,Attchd,2000.0,RFn,2.0,583.0,TA,TA,Y,306,113,0,0,116,0,,,,0,1,2007,WD,Normal,245412.285
1071,2532,60,RL,70.0,8749,Pave,,Reg,Lvl,AllPub,Inside,Gtl,CollgCr,Norm,Norm,1Fam,2Story,7,5,2003,2003,Gable,CompShg,VinylSd,VinylSd,,0.0,Gd,TA,PConc,Gd,TA,No,GLQ,654.0,Unf,0.0,325.0,979.0,GasA,Ex,Y,SBrkr,992,940,0,1932,1.0,0.0,2,1,3,1,Gd,7,Typ,1,Gd,Attchd,2003.0,RFn,2.0,610.0,TA,TA,Y,0,120,0,0,0,0,,,,0,6,2007,WD,Normal,223698.97
1072,2533,60,RL,65.0,8158,Pave,,Reg,Lvl,AllPub,Inside,Gtl,CollgCr,Norm,Norm,1Fam,2Story,7,5,2002,2002,Gable,CompShg,VinylSd,VinylSd,BrkFace,214.0,Gd,TA,PConc,Gd,TA,No,Unf,0.0,Unf,0.0,860.0,860.0,GasA,Ex,Y,SBrkr,860,869,0,1729,0.0,0.0,2,1,3,1,Gd,7,Typ,0,,Attchd,2002.0,Fin,2.0,542.0,TA,TA,Y,386,63,0,0,0,0,,,,0,8,2007,WD,Normal,203104.535
1073,2534,20,RL,73.0,11927,Pave,,Reg,Lvl,AllPub,Inside,Gtl,CollgCr,Norm,Norm,1Fam,1Story,8,5,1994,1995,Hip,CompShg,HdBoard,HdBoard,BrkFace,519.0,Gd,TA,PConc,Gd,TA,Gd,BLQ,408.0,GLQ,465.0,683.0,1556.0,GasA,Ex,Y,SBrkr,1592,0,0,1592,0.0,0.0,2,0,3,1,Gd,7,Typ,1,TA,Attchd,1994.0,Fin,2.0,484.0,TA,TA,Y,120,35,0,0,0,0,,,,0,6,2007,WD,Normal,241034.99
1074,2535,60,RL,,12728,Pave,,Reg,Lvl,AllPub,Inside,Gtl,CollgCr,Norm,Norm,1Fam,2Story,8,5,2001,2001,Gable,CompShg,VinylSd,VinylSd,BrkFace,256.0,Gd,TA,PConc,Gd,TA,Mn,GLQ,1198.0,Unf,0.0,333.0,1531.0,GasA,Ex,Y,SBrkr,1531,908,0,2439,1.0,0.0,2,1,4,1,Gd,7,Typ,1,TA,Attchd,2001.0,Fin,2.0,560.0,TA,TA,Y,184,121,0,0,0,0,,,,0,1,2007,WD,Normal,268193.62
1075,2536,60,RL,,15295,Pave,,IR3,Lvl,AllPub,Corner,Gtl,CollgCr,Norm,Norm,1Fam,2Story,7,5,1996,2002,Gable,CompShg,VinylSd,VinylSd,BrkFace,254.0,Gd,TA,PConc,Gd,TA,Mn,GLQ,762.0,Unf,0.0,98.0,860.0,GasA,Ex,Y,SBrkr,1212,780,0,1992,1.0,0.0,2,1,3,1,Gd,7,Min2,2,TA,Attchd,1996.0,RFn,2.0,608.0,TA,TA,Y,225,32,0,0,0,0,,,,0,6,2007,WD,Normal,232656.485
1076,2537,20,RL,73.0,17227,Pave,,IR2,Lvl,AllPub,CulDSac,Mod,CollgCr,Norm,Norm,1Fam,1Story,8,5,1999,2000,Gable,CompShg,VinylSd,VinylSd,BrkFace,158.0,Gd,TA,PConc,Gd,TA,Gd,GLQ,915.0,Unf,0.0,426.0,1341.0,GasA,Ex,Y,SBrkr,1341,0,0,1341,1.0,0.0,1,1,1,1,Gd,5,Typ,1,TA,Attchd,1999.0,RFn,2.0,482.0,TA,TA,Y,240,84,0,0,0,0,,,,0,1,2007,WD,Normal,228049.195
1077,2538,60,RL,70.0,8145,Pave,,IR1,Lvl,AllPub,Inside,Gtl,CollgCr,Norm,Norm,1Fam,2Story,7,5,2007,2007,Gable,CompShg,VinylSd,VinylSd,,0.0,Gd,TA,PConc,Gd,TA,No,Unf,0.0,Unf,0.0,738.0,738.0,GasA,Ex,Y,SBrkr,738,738,0,1476,0.0,0.0,2,1,3,1,Gd,7,Typ,0,,Attchd,2007.0,RFn,2.0,552.0,TA,TA,Y,0,35,0,0,0,0,,,,0,6,2007,New,Partial,189317.295
1078,2539,20,RL,65.0,8769,Pave,,Reg,Lvl,AllPub,FR2,Gtl,CollgCr,Norm,Norm,1Fam,1Story,7,5,2005,2005,Gable,CompShg,VinylSd,VinylSd,,0.0,Gd,TA,PConc,Gd,TA,Av,GLQ,709.0,Unf,0.0,460.0,1169.0,GasA,Ex,Y,SBrkr,1190,0,0,1190,1.0,0.0,2,0,2,1,Gd,5,Typ,0,,Attchd,2005.0,RFn,2.0,578.0,TA,TA,Y,100,41,0,0,0,0,,,,0,10,2007,WD,Normal,192220.37
1079,2540,20,RL,64.0,8334,Pave,,Reg,Lvl,AllPub,Inside,Gtl,CollgCr,Norm,Norm,1Fam,1Story,6,5,2006,2007,Gable,CompShg,VinylSd,VinylSd,,0.0,Gd,TA,PConc,Gd,TA,No,Unf,0.0,Unf,0.0,1330.0,1330.0,GasA,Ex,Y,SBrkr,1330,0,0,1330,0.0,0.0,2,0,3,1,Gd,6,Typ,1,Gd,Attchd,2006.0,Fin,2.0,437.0,TA,TA,Y,0,23,0,0,0,0,,,,0,7,2007,New,Partial,181974.52
1080,2541,60,RL,64.0,8333,Pave,,Reg,Lvl,AllPub,Inside,Gtl,CollgCr,Norm,Norm,1Fam,2Story,7,5,2006,2006,Gable,CompShg,VinylSd,VinylSd,,0.0,Gd,TA,PConc,Gd,TA,No,Unf,0.0,Unf,0.0,738.0,738.0,GasA,Gd,Y,SBrkr,738,753,0,1491,0.0,0.0,2,1,3,1,Gd,7,Typ,1,Gd,Attchd,2006.0,RFn,2.0,484.0,TA,TA,Y,100,30,0,0,0,0,,,,0,5,2007,WD,Normal,183326.735
1081,2542,60,RL,64.0,9045,Pave,,IR1,Lvl,AllPub,Inside,Gtl,CollgCr,Norm,Norm,1Fam,2Story,5,5,2005,2005,Gable,CompShg,VinylSd,VinylSd,,0.0,Gd,TA,PConc,Gd,TA,Mn,Unf,0.0,Unf,0.0,768.0,768.0,GasA,Ex,Y,SBrkr,768,768,0,1536,0.0,0.0,2,1,3,1,Gd,6,Typ,0,,Attchd,2005.0,Fin,2.0,400.0,TA,TA,Y,0,40,0,0,0,0,,,,0,6,2007,WD,Normal,177177.125
1082,2543,85,RL,75.0,9825,Pave,,Reg,Low,AllPub,Inside,Gtl,Edwards,Norm,Norm,1Fam,SFoyer,5,5,1967,1967,Gable,CompShg,HdBoard,HdBoard,BrkFace,162.0,TA,TA,CBlock,Gd,TA,Gd,ALQ,936.0,Unf,0.0,0.0,936.0,GasA,Gd,Y,SBrkr,936,0,0,936,1.0,0.0,1,0,2,1,TA,4,Typ,1,Fa,Attchd,1967.0,Unf,1.0,384.0,TA,TA,Y,405,0,0,0,0,0,,,Shed,450,8,2007,WD,Abnorml,141490.36
1083,2544,20,RL,67.0,8308,Pave,,Reg,Lvl,AllPub,Inside,Gtl,Edwards,Norm,Norm,1Fam,1Story,4,6,1963,1963,Gable,CompShg,VinylSd,VinylSd,Stone,20.0,TA,Gd,CBlock,TA,TA,No,BLQ,132.0,LwQ,841.0,115.0,1088.0,GasA,TA,Y,SBrkr,1088,0,0,1088,0.0,0.0,1,0,2,1,TA,4,Typ,0,,Detchd,2002.0,Unf,2.0,520.0,TA,TA,P,0,0,0,0,0,0,,,,0,6,2007,COD,Normal,129313.565
1084,2545,50,RL,74.0,16287,Pave,,Reg,Lvl,AllPub,Inside,Gtl,Edwards,Norm,Norm,1Fam,1.5Fin,5,6,1925,1950,Gable,CompShg,VinylSd,VinylSd,,0.0,TA,Gd,CBlock,TA,TA,No,ALQ,130.0,BLQ,105.0,666.0,901.0,GasA,TA,Y,SBrkr,901,450,0,1351,1.0,0.0,1,0,3,1,TA,7,Typ,1,Gd,Detchd,1975.0,Unf,2.0,576.0,TA,TA,N,0,0,43,0,100,0,,,,0,7,2007,WD,Normal,137856.435
1085,2546,20,RL,80.0,8240,Pave,,Reg,Lvl,AllPub,Inside,Gtl,Edwards,Norm,Norm,1Fam,1Story,6,6,1960,1960,Hip,CompShg,HdBoard,HdBoard,Stone,198.0,TA,TA,CBlock,TA,TA,No,Unf,0.0,Unf,0.0,1179.0,1179.0,GasA,Gd,Y,SBrkr,1179,0,0,1179,0.0,0.0,1,0,2,1,TA,5,Min2,0,,Attchd,1960.0,Fin,2.0,622.0,TA,TA,P,0,0,0,0,0,0,,GdPrv,,0,6,2007,WD,Normal,139929.16
1086,2547,80,RL,65.0,6285,Pave,,Reg,Lvl,AllPub,Inside,Gtl,Edwards,Norm,Norm,1Fam,SLvl,6,6,1976,1976,Gable,CompShg,HdBoard,Plywood,,0.0,TA,Fa,CBlock,TA,TA,Av,GLQ,504.0,Unf,0.0,456.0,960.0,GasA,TA,Y,SBrkr,1044,0,0,1044,1.0,0.0,1,0,3,1,TA,7,Typ,1,Fa,Detchd,1976.0,Unf,2.0,528.0,TA,Fa,Y,228,0,0,0,0,0,,,,0,4,2007,WD,Normal,143631.625
1087,2548,90,RL,,9555,Pave,,IR1,Lvl,AllPub,CulDSac,Gtl,Edwards,Norm,Norm,Duplex,2Story,5,6,1979,1979,Gable,CompShg,Plywood,Plywood,,0.0,TA,TA,Slab,,,,,0.0,,0.0,0.0,0.0,GasA,TA,Y,SBrkr,1100,1133,0,2233,0.0,0.0,2,1,5,2,TA,11,Typ,0,,Attchd,1979.0,Fin,2.0,579.0,TA,Gd,Y,0,0,0,0,0,0,,,,0,2,2007,WD,Normal,159992.565
1088,2549,60,RL,60.0,7023,Pave,,Reg,Lvl,AllPub,Inside,Gtl,Edwards,Norm,Norm,1Fam,2Story,5,5,2005,2006,Gable,CompShg,VinylSd,VinylSd,,0.0,TA,TA,PConc,Gd,Gd,No,GLQ,611.0,Unf,0.0,123.0,734.0,GasA,Gd,Y,SBrkr,734,674,0,1408,1.0,0.0,2,1,3,1,TA,6,Typ,0,,BuiltIn,2005.0,Fin,2.0,489.0,TA,TA,Y,0,85,0,0,0,0,,,,0,5,2007,WD,Normal,165812.605
1089,2550,20,RL,128.0,39290,Pave,,IR1,Bnk,AllPub,Inside,Gtl,Edwards,Norm,Norm,1Fam,1Story,10,5,2008,2009,Hip,CompShg,CemntBd,CmentBd,Stone,1224.0,Ex,TA,PConc,Ex,TA,Gd,GLQ,4010.0,Unf,0.0,1085.0,5095.0,GasA,Ex,Y,SBrkr,5095,0,0,5095,1.0,1.0,2,1,2,1,Ex,15,Typ,2,Gd,Attchd,2008.0,Fin,3.0,1154.0,TA,TA,Y,546,484,0,0,0,0,,,,17000,10,2007,New,Partial,352837.52
1090,2551,180,RM,35.0,3675,Pave,,Reg,Lvl,AllPub,Inside,Gtl,Edwards,Norm,Norm,TwnhsE,SFoyer,6,5,2005,2005,Gable,CompShg,VinylSd,VinylSd,Stone,76.0,TA,TA,PConc,Gd,TA,Gd,GLQ,467.0,Unf,0.0,80.0,547.0,GasA,Ex,Y,SBrkr,1072,0,0,1072,1.0,0.0,1,0,2,1,Gd,5,Typ,0,,Basment,2005.0,Fin,2.0,525.0,TA,TA,Y,0,44,0,0,0,0,,,,0,5,2007,WD,Normal,150491.37
1091,2552,20,RL,64.0,6400,Pave,,Reg,Lvl,AllPub,Inside,Gtl,Edwards,Norm,Norm,1Fam,1Story,5,7,1959,2000,Gable,CompShg,WdShing,Wd Shng,,0.0,TA,TA,CBlock,TA,TA,Av,Rec,77.0,ALQ,831.0,52.0,960.0,GasA,Ex,Y,SBrkr,960,0,0,960,1.0,0.0,1,0,2,1,Fa,4,Typ,0,,Detchd,1959.0,Unf,1.0,392.0,TA,TA,Y,144,0,35,0,0,0,,,,0,12,2007,WD,Normal,126646.875
1092,2553,90,RL,74.0,6882,Pave,,Reg,Lvl,AllPub,Corner,Gtl,Edwards,Norm,Norm,Duplex,1Story,4,3,1955,1955,Gable,CompShg,AsbShng,Plywood,BrkCmn,128.0,TA,TA,PConc,,,,,0.0,,0.0,0.0,0.0,GasA,TA,N,SBrkr,1152,0,0,1152,0.0,0.0,2,0,2,2,Fa,6,Typ,0,,,,,0.0,0.0,,,N,0,0,0,0,0,0,,,,0,9,2007,WD,Normal,94176.185
1093,2554,90,RL,52.0,8741,Pave,,Reg,Lvl,AllPub,Inside,Gtl,Edwards,Norm,Norm,Duplex,1Story,5,6,1946,1950,Gable,CompShg,Plywood,Plywood,,0.0,TA,TA,CBlock,TA,TA,No,Unf,0.0,Unf,0.0,1195.0,1195.0,GasA,TA,N,SBrkr,1195,0,0,1195,0.0,0.0,2,0,4,2,TA,8,Typ,0,,,,,0.0,0.0,,,N,118,0,0,0,0,0,,GdWo,,0,7,2007,WD,Abnorml,114697.3
1094,2555,40,RL,62.0,10042,Pave,,Reg,Bnk,AllPub,Corner,Gtl,Edwards,Norm,Norm,1Fam,1.5Fin,6,8,1920,1995,Gable,CompShg,Wd Sdng,Wd Sdng,,0.0,TA,TA,BrkTil,TA,TA,No,LwQ,144.0,ALQ,278.0,238.0,660.0,GasA,TA,Y,SBrkr,740,125,0,865,1.0,0.0,1,0,2,1,TA,4,Typ,1,Gd,Detchd,1920.0,Unf,1.0,216.0,TA,TA,Y,0,0,84,0,0,0,,,,0,8,2007,WD,Normal,121524.505
1095,2556,20,RL,60.0,8172,Pave,,Reg,Lvl,AllPub,Inside,Gtl,Edwards,Norm,Norm,1Fam,1Story,4,5,1955,1955,Gable,CompShg,MetalSd,MetalSd,,0.0,TA,TA,CBlock,TA,TA,No,BLQ,544.0,Unf,0.0,224.0,768.0,GasA,TA,Y,SBrkr,768,0,0,768,0.0,0.0,1,0,2,1,TA,4,Typ,1,Fa,Detchd,1959.0,Unf,1.0,355.0,TA,TA,Y,0,0,196,0,0,0,,MnPrv,,0,7,2007,WD,Normal,115252.5
1096,2557,20,RL,60.0,8172,Pave,,Reg,HLS,AllPub,Inside,Gtl,Edwards,Norm,Norm,1Fam,1Story,4,5,1955,1955,Gable,CompShg,WdShing,Plywood,,0.0,TA,TA,CBlock,TA,TA,No,ALQ,682.0,Unf,0.0,182.0,864.0,GasA,TA,Y,SBrkr,864,0,0,864,1.0,0.0,1,0,3,1,TA,5,Typ,0,,Detchd,1996.0,Unf,2.0,528.0,TA,TA,N,196,0,0,0,0,0,,,,0,10,2007,COD,Family,122817.545
1097,2558,90,RL,60.0,10890,Pave,,Reg,Lvl,AllPub,Inside,Gtl,SWISU,Norm,Norm,Duplex,2Story,5,6,1923,1950,Hip,CompShg,Wd Sdng,Plywood,,0.0,TA,TA,PConc,TA,TA,Mn,Rec,371.0,Unf,0.0,925.0,1296.0,Grav,Fa,N,FuseA,1296,1296,0,2592,2.0,0.0,2,0,6,2,TA,12,Min2,0,,,,,0.0,0.0,,,Y,0,742,240,0,0,0,,,Shed,1512,1,2007,WD,AdjLand,152454.52
1098,2559,30,RL,54.0,7223,Pave,,Reg,Lvl,AllPub,Inside,Gtl,Crawfor,Norm,Norm,1Fam,1Story,5,5,1926,1950,Hip,CompShg,Stucco,Plywood,,0.0,TA,TA,PConc,TA,TA,Mn,BLQ,319.0,Unf,0.0,971.0,1290.0,GasA,TA,Y,SBrkr,1422,0,0,1422,0.0,0.0,1,0,3,1,TA,6,Typ,0,,Detchd,1973.0,Unf,1.0,352.0,TA,TA,Y,0,0,64,0,0,0,,MnPrv,,0,4,2007,WD,Normal,134945.555
1099,2560,50,RL,51.0,6821,Pave,,Reg,HLS,AllPub,Inside,Gtl,Crawfor,Norm,Norm,1Fam,1.5Fin,6,7,1921,2005,Gable,CompShg,Wd Sdng,Wd Sdng,,0.0,TA,TA,BrkTil,TA,TA,No,BLQ,113.0,Unf,0.0,538.0,651.0,GasA,Gd,Y,SBrkr,759,539,0,1298,0.0,0.0,2,0,2,1,TA,8,Typ,1,Gd,Detchd,1994.0,Unf,1.0,240.0,TA,TA,P,216,0,168,0,0,0,,,,0,8,2007,WD,Normal,137476.43
1100,2561,70,RL,63.0,4000,Pave,,Reg,Lvl,AllPub,Inside,Gtl,Crawfor,Norm,Norm,1Fam,2Story,7,8,1930,1995,Gable,CompShg,Wd Sdng,Wd Sdng,,0.0,TA,TA,BrkTil,Gd,TA,No,GLQ,246.0,Unf,0.0,285.0,531.0,GasA,TA,Y,SBrkr,567,531,0,1098,1.0,0.0,1,0,2,1,TA,5,Typ,1,Gd,Detchd,1930.0,Unf,1.0,216.0,TA,TA,Y,0,0,0,0,0,0,,MnPrv,,0,6,2007,WD,Normal,141209.115
1101,2562,70,RL,53.0,6720,Pave,,Reg,Lvl,AllPub,Inside,Gtl,Crawfor,Norm,Norm,1Fam,2Story,6,7,1921,1950,Gable,CompShg,VinylSd,VinylSd,,0.0,TA,TA,BrkTil,TA,TA,No,Unf,0.0,Unf,0.0,585.0,585.0,GasA,TA,N,SBrkr,851,585,0,1436,0.0,0.0,1,0,3,1,TA,7,Typ,1,Gd,Detchd,1992.0,Unf,1.0,228.0,TA,TA,Y,184,0,0,0,0,0,,,,0,4,2007,CWD,Normal,137754.435
1102,2563,70,RL,53.0,7155,Pave,,Reg,Lvl,AllPub,Inside,Gtl,Crawfor,Norm,Norm,1Fam,2Story,6,8,1926,1991,Gable,CompShg,Wd Sdng,Wd Sdng,,0.0,TA,TA,BrkTil,TA,TA,No,Unf,0.0,Unf,0.0,686.0,686.0,GasA,TA,Y,SBrkr,686,775,0,1461,0.0,0.0,1,0,3,1,TA,6,Typ,1,Gd,Detchd,1926.0,Unf,1.0,225.0,TA,TA,N,0,0,116,0,0,0,,MnPrv,,0,7,2007,WD,Normal,150633.165
1103,2564,70,RL,60.0,7230,Pave,,Reg,Lvl,AllPub,Inside,Gtl,Crawfor,Norm,Norm,1Fam,2.5Unf,7,7,1927,1992,Gable,CompShg,VinylSd,VinylSd,,0.0,TA,TA,BrkTil,TA,TA,No,Unf,0.0,Unf,0.0,851.0,851.0,GasA,Gd,Y,SBrkr,867,851,0,1718,0.0,0.0,2,1,4,1,Gd,8,Typ,1,TA,Detchd,1927.0,Unf,2.0,264.0,TA,TA,Y,291,0,60,0,153,0,,GdPrv,,0,10,2007,WD,Normal,171890.75
1104,2565,20,RL,126.0,13108,Pave,,IR2,HLS,AllPub,Inside,Gtl,Crawfor,Norm,Norm,1Fam,1Story,5,5,1951,1951,Gable,CompShg,Wd Sdng,Wd Sdng,,0.0,TA,TA,CBlock,,,,,0.0,,0.0,0.0,0.0,GasA,Fa,Y,SBrkr,1226,0,0,1226,0.0,0.0,1,1,2,1,TA,7,Min1,1,Gd,Attchd,1951.0,Fin,2.0,400.0,TA,TA,Y,174,24,120,0,228,0,,,,0,6,2007,WD,Normal,154890.815
1105,2566,50,RL,110.0,7810,Pave,,IR1,HLS,AllPub,Inside,Gtl,Crawfor,Norm,Norm,1Fam,1.5Fin,4,6,1930,2003,Gable,CompShg,AsbShng,CmentBd,,0.0,TA,Gd,BrkTil,TA,Gd,No,GLQ,189.0,Unf,0.0,741.0,930.0,GasA,Ex,Y,SBrkr,1230,525,0,1755,0.0,0.0,2,0,4,1,Gd,7,Typ,1,TA,Detchd,1930.0,Unf,1.0,231.0,Fa,TA,Y,0,40,0,0,0,0,,,,0,11,2007,WD,Normal,163699.17
1106,2567,190,RL,79.0,6221,Pave,,IR1,Lvl,AllPub,Inside,Gtl,Crawfor,Norm,Norm,2fmCon,1.5Fin,5,5,1941,1950,Gable,CompShg,VinylSd,VinylSd,,0.0,TA,TA,CBlock,TA,Fa,No,LwQ,533.0,Unf,0.0,195.0,728.0,GasA,Ex,Y,SBrkr,760,595,0,1355,0.0,0.0,2,0,3,1,TA,5,Typ,0,,Detchd,1966.0,Unf,2.0,528.0,TA,TA,Y,0,0,0,0,144,0,,MnPrv,,0,10,2007,WD,Normal,129071.89
1107,2568,20,RL,,25485,Pave,,IR1,Lvl,AllPub,CulDSac,Gtl,Crawfor,Norm,Norm,1Fam,1Story,6,4,1960,1960,Gable,CompShg,Wd Sdng,MetalSd,BrkFace,423.0,TA,Fa,CBlock,TA,Gd,Mn,LwQ,540.0,Rec,1020.0,0.0,1560.0,GasA,TA,Y,SBrkr,1560,0,0,1560,0.0,0.0,1,1,3,1,TA,6,Typ,3,TA,Attchd,1960.0,RFn,2.0,580.0,TA,TA,Y,0,75,584,0,0,0,,,,0,5,2007,WD,Normal,183534.185
1108,2569,20,RL,,21579,Pave,,IR1,Lvl,AllPub,CulDSac,Gtl,Crawfor,Norm,Norm,1Fam,1Story,6,6,1968,1968,Hip,CompShg,HdBoard,BrkFace,,0.0,TA,TA,PConc,Gd,TA,No,BLQ,813.0,Unf,0.0,675.0,1488.0,GasA,Ex,Y,SBrkr,1488,0,0,1488,0.0,1.0,2,0,3,1,TA,7,Typ,2,Gd,Attchd,1968.0,RFn,2.0,552.0,TA,TA,Y,0,0,216,0,0,0,,,,0,9,2007,CWD,Normal,193606.025
1109,2570,160,RM,24.0,1782,Pave,,Reg,Lvl,AllPub,Inside,Gtl,Blueste,Norm,Norm,Twnhs,2Story,6,6,1980,1980,Gable,CompShg,MetalSd,MetalSd,,0.0,TA,Gd,CBlock,Gd,TA,No,GLQ,330.0,Unf,0.0,186.0,516.0,GasA,Gd,Y,SBrkr,529,516,0,1045,0.0,0.0,1,0,2,1,TA,5,Typ,1,TA,Detchd,1980.0,Unf,2.0,462.0,TA,TA,Y,180,0,0,0,0,0,,MnPrv,,0,12,2007,WD,Normal,126386.38
1110,2571,20,RL,,17871,Pave,,IR2,Lvl,AllPub,Inside,Gtl,Crawfor,Norm,Norm,1Fam,1Story,4,5,1995,1996,Gable,CompShg,VinylSd,VinylSd,,0.0,TA,TA,PConc,Gd,TA,No,Unf,0.0,Unf,0.0,1680.0,1680.0,GasA,Gd,Y,SBrkr,1680,0,0,1680,0.0,0.0,2,0,4,1,Gd,7,Typ,0,,Attchd,1996.0,Unf,2.0,628.0,TA,TA,Y,152,0,0,0,0,0,,,,0,6,2007,WD,Normal,204978.41
1111,2572,120,RM,35.0,3907,Pave,,IR1,Bnk,AllPub,Inside,Mod,Blueste,Norm,Norm,TwnhsE,1Story,8,5,1988,1988,Gable,CompShg,HdBoard,HdBoard,,0.0,TA,TA,CBlock,Gd,TA,Gd,GLQ,577.0,Unf,0.0,427.0,1004.0,GasA,Gd,Y,SBrkr,1020,0,0,1020,1.0,0.0,1,0,1,1,TA,4,Typ,0,,Attchd,1988.0,Unf,2.0,509.0,TA,TA,Y,135,0,0,0,0,0,,,,0,3,2007,WD,Normal,159094.66
1112,2573,20,RL,,20693,Pave,,IR1,Bnk,AllPub,Corner,Gtl,Crawfor,Norm,Norm,1Fam,1Story,7,5,1971,1971,Gable,CompShg,Plywood,Plywood,BrkFace,652.0,TA,TA,CBlock,Gd,TA,No,Rec,434.0,Unf,0.0,1262.0,1696.0,GasA,Ex,Y,SBrkr,1696,0,0,1696,0.0,0.0,2,0,3,1,TA,7,Typ,2,TA,Attchd,1971.0,Fin,2.0,625.0,TA,TA,Y,0,146,0,0,0,0,,GdWo,,0,2,2007,WD,Normal,202084.615
1113,2574,20,RL,70.0,18044,Pave,,IR1,HLS,AllPub,CulDSac,Gtl,Crawfor,Norm,Norm,1Fam,1Story,8,5,1986,1986,Gable,CompShg,WdShing,Plywood,,0.0,Gd,TA,CBlock,Gd,TA,No,Unf,0.0,Unf,0.0,279.0,279.0,GasA,Gd,Y,SBrkr,2726,0,0,2726,0.0,0.0,2,1,2,1,Gd,6,Typ,1,Gd,Attchd,1986.0,Fin,2.0,691.0,Gd,Gd,Y,216,64,169,0,0,228,Ex,,,0,8,2007,WD,Normal,261892.91
1114,2575,50,RM,50.0,7000,Pave,,Reg,Lvl,AllPub,Corner,Gtl,IDOTRR,Norm,Norm,1Fam,1.5Fin,6,7,1940,1950,Gable,CompShg,Wd Sdng,Wd Sdng,,0.0,TA,TA,BrkTil,TA,TA,No,ALQ,375.0,Unf,0.0,345.0,720.0,GasA,Gd,Y,FuseA,720,495,0,1215,0.0,0.0,1,0,3,1,Gd,6,Typ,0,,Detchd,1965.0,Fin,2.0,720.0,TA,TA,Y,0,0,30,0,0,0,,MnPrv,,0,5,2007,WD,Normal,124369.415
1115,2576,50,RM,50.0,7288,Pave,,Reg,Lvl,AllPub,Inside,Gtl,IDOTRR,Artery,Norm,1Fam,1.5Fin,5,7,1925,2003,Gable,CompShg,VinylSd,VinylSd,,0.0,Gd,Gd,BrkTil,TA,Po,No,Unf,0.0,Unf,0.0,936.0,936.0,GasA,Ex,Y,SBrkr,936,665,0,1601,0.0,0.0,2,0,3,1,TA,6,Typ,0,,,,,0.0,0.0,,,N,0,0,0,176,0,0,,,,0,9,2007,WD,Normal,117727.315
1116,2577,70,RM,50.0,9060,Pave,,Reg,Lvl,AllPub,Inside,Gtl,IDOTRR,Norm,Norm,1Fam,2Story,5,6,1923,1999,Gable,CompShg,Wd Sdng,Plywood,,0.0,TA,TA,BrkTil,Gd,TA,No,ALQ,548.0,Unf,0.0,311.0,859.0,GasA,Ex,Y,SBrkr,942,886,0,1828,0.0,0.0,2,0,3,1,Gd,6,Typ,0,,Detchd,,,,,,,Y,174,0,212,0,0,0,,MnPrv,,0,3,2007,WD,Alloca,152437.315
1117,2578,30,RM,46.0,3672,Pave,,Reg,Lvl,AllPub,Inside,Gtl,IDOTRR,Artery,Norm,1Fam,1Story,5,7,1922,1950,Gable,CompShg,Stucco,Stucco,,0.0,TA,TA,BrkTil,TA,TA,No,Unf,0.0,Unf,0.0,816.0,816.0,GasA,Ex,Y,SBrkr,816,0,0,816,0.0,0.0,1,0,2,1,TA,5,Typ,0,,Detchd,1922.0,Unf,1.0,100.0,Fa,Fa,N,0,0,96,0,0,0,,,,0,9,2007,WD,Normal,100463.54
1118,2579,50,RM,64.0,11067,Pave,,Reg,Lvl,AllPub,Corner,Gtl,IDOTRR,Norm,Norm,1Fam,1.5Fin,2,4,1939,1950,Gable,CompShg,MetalSd,MetalSd,,0.0,TA,TA,BrkTil,,,,,0.0,,0.0,0.0,0.0,GasA,Ex,Y,SBrkr,640,0,205,845,0.0,0.0,1,0,1,1,TA,4,Maj2,0,,Detchd,1950.0,Unf,1.0,256.0,TA,Fa,N,48,0,0,0,0,0,,,,0,3,2007,WD,Normal,95838.235
1119,2580,190,C (all),75.0,8250,Pave,,Reg,Lvl,AllPub,Inside,Gtl,IDOTRR,Feedr,Norm,2fmCon,2Story,5,6,1895,2006,Gable,CompShg,VinylSd,VinylSd,,0.0,TA,Gd,CBlock,TA,TA,No,Unf,0.0,Unf,0.0,957.0,957.0,GasA,Fa,N,SBrkr,1034,957,0,1991,0.0,0.0,2,0,4,2,TA,9,Typ,0,,,,,0.0,0.0,,,N,0,0,133,0,0,0,,,,0,6,2007,WD,Normal,132785.985
1120,2581,20,C (all),65.0,6565,Pave,,Reg,Lvl,AllPub,Corner,Gtl,IDOTRR,Norm,Norm,1Fam,1Story,4,6,1957,1980,Gable,CompShg,MetalSd,MetalSd,,0.0,TA,TA,CBlock,TA,TA,No,GLQ,967.0,Unf,0.0,106.0,1073.0,GasA,Gd,Y,FuseA,1073,0,0,1073,1.0,0.0,1,0,3,1,TA,6,Typ,0,,Detchd,1985.0,Unf,2.0,720.0,TA,TA,Y,0,444,0,0,0,0,,,,0,8,2007,WD,Abnorml,139090.61
1121,2582,30,C (all),60.0,6060,Pave,,Reg,Lvl,AllPub,Inside,Gtl,IDOTRR,Norm,Norm,1Fam,1Story,5,9,1930,2007,Hip,CompShg,MetalSd,MetalSd,,0.0,Gd,TA,BrkTil,TA,TA,No,ALQ,737.0,Unf,0.0,100.0,837.0,GasA,Ex,Y,SBrkr,1001,0,0,1001,0.0,0.0,1,0,2,1,Gd,5,Typ,0,,Detchd,1930.0,Unf,1.0,216.0,TA,Po,N,154,0,42,86,0,0,,,,0,11,2007,WD,Normal,127213.455
1122,2583,120,RM,59.0,5568,Pave,,IR1,HLS,AllPub,Inside,Mod,Crawfor,Norm,Norm,TwnhsE,1Story,8,5,2006,2007,Hip,CompShg,CemntBd,CmentBd,Stone,473.0,Gd,TA,PConc,Gd,TA,Gd,GLQ,1573.0,Unf,0.0,0.0,1573.0,GasA,Gd,Y,SBrkr,1625,0,0,1625,1.0,1.0,2,0,2,1,Gd,5,Typ,1,Gd,Attchd,2006.0,Fin,2.0,495.0,TA,TA,Y,123,0,0,0,153,0,,,,0,10,2007,New,Partial,273244.645
1123,2584,85,RL,,12150,Pave,,IR1,Bnk,AllPub,CulDSac,Gtl,Mitchel,Norm,Norm,1Fam,SFoyer,6,6,1979,1979,Gable,CompShg,HdBoard,Wd Shng,,0.0,TA,TA,CBlock,Gd,TA,Av,GLQ,1001.0,Unf,0.0,0.0,1001.0,GasA,TA,Y,SBrkr,1299,0,0,1299,1.0,0.0,2,0,2,1,Gd,5,Typ,1,Po,BuiltIn,1979.0,RFn,2.0,486.0,TA,TA,Y,84,0,222,0,0,0,,MnPrv,,0,1,2007,WD,Normal,166962.71
1124,2585,20,RL,80.0,10000,Pave,,Reg,Lvl,AllPub,Inside,Gtl,Mitchel,Norm,Norm,1Fam,1Story,5,5,2002,2002,Gable,CompShg,VinylSd,VinylSd,BrkFace,166.0,Gd,TA,PConc,Gd,TA,No,GLQ,585.0,Unf,0.0,856.0,1441.0,GasA,Ex,Y,SBrkr,1392,0,0,1392,0.0,0.0,2,0,3,1,Gd,6,Typ,1,Gd,Attchd,2002.0,Fin,3.0,650.0,TA,TA,Y,168,49,0,0,0,0,,,,0,12,2007,WD,Normal,216180.015
1125,2586,20,RL,44.0,12864,Pave,,IR1,Lvl,AllPub,CulDSac,Gtl,Mitchel,Norm,Norm,1Fam,1Story,7,5,2002,2002,Gable,CompShg,VinylSd,VinylSd,,0.0,Gd,TA,PConc,Gd,TA,No,GLQ,1392.0,Unf,0.0,17.0,1409.0,GasA,Ex,Y,SBrkr,1409,0,0,1409,1.0,0.0,1,1,1,1,Gd,4,Typ,1,Gd,Attchd,2002.0,RFn,2.0,576.0,TA,TA,Y,0,144,0,0,145,0,,,,0,7,2007,WD,Normal,216416.73
1126,2587,20,RL,,9928,Pave,,IR1,Lvl,AllPub,CulDSac,Gtl,Mitchel,Norm,Norm,1Fam,1Story,7,5,1991,1992,Gable,CompShg,HdBoard,HdBoard,,0.0,TA,TA,PConc,Gd,TA,No,GLQ,1239.0,Unf,0.0,215.0,1454.0,GasA,TA,Y,SBrkr,1478,0,0,1478,1.0,0.0,2,0,3,1,TA,6,Typ,1,TA,Attchd,1991.0,Unf,2.0,506.0,TA,TA,Y,114,22,0,0,0,0,,,,0,5,2007,WD,Normal,194045.93
1127,2588,80,RL,,8750,Pave,,IR1,Lvl,AllPub,Inside,Gtl,Mitchel,Norm,Norm,1Fam,SLvl,7,6,1975,1975,Gable,CompShg,Plywood,Plywood,Stone,50.0,TA,TA,CBlock,TA,TA,Av,Rec,224.0,GLQ,530.0,98.0,852.0,GasA,TA,Y,SBrkr,918,0,0,918,0.0,1.0,1,0,3,0,TA,4,Typ,0,,Attchd,1975.0,Unf,1.0,360.0,TA,TA,Y,192,84,0,0,0,0,,,,0,3,2007,WD,Normal,144379.765
1128,2589,85,RL,82.0,8410,Pave,,IR1,Lvl,AllPub,Corner,Gtl,Mitchel,Norm,Norm,1Fam,SFoyer,6,6,1974,1974,Gable,CompShg,Plywood,Plywood,,0.0,TA,TA,CBlock,Gd,TA,Av,ALQ,924.0,Unf,0.0,46.0,970.0,GasA,TA,Y,SBrkr,1026,0,0,1026,1.0,0.0,1,0,2,1,TA,5,Typ,1,Po,Attchd,1974.0,Unf,2.0,528.0,TA,TA,Y,193,0,0,0,0,0,,,,0,4,2007,WD,Normal,148498.285
1129,2590,120,RL,46.0,4054,Pave,,IR1,Lvl,AllPub,Inside,Gtl,Timber,Norm,Norm,TwnhsE,1Story,7,6,1987,1987,Gable,CompShg,VinylSd,VinylSd,BrkFace,352.0,Gd,TA,BrkTil,Gd,TA,Av,GLQ,949.0,Unf,0.0,552.0,1501.0,GasA,Ex,Y,SBrkr,1501,0,0,1501,1.0,0.0,2,0,2,1,Gd,5,Typ,2,TA,Attchd,1987.0,Fin,2.0,512.0,TA,TA,Y,240,0,0,0,0,0,,,,0,10,2007,WD,Normal,219215.69
1130,2591,20,RL,149.0,19958,Pave,,Reg,Lvl,AllPub,Inside,Gtl,Timber,Norm,Norm,1Fam,1Story,6,8,1958,1995,Hip,CompShg,HdBoard,HdBoard,BrkFace,1224.0,TA,Gd,CBlock,TA,TA,No,Unf,0.0,Unf,0.0,585.0,585.0,GasA,Gd,Y,SBrkr,2279,0,0,2279,0.0,0.0,2,1,4,1,Gd,7,Typ,1,Gd,Attchd,1958.0,RFn,2.0,461.0,TA,TA,Y,274,0,0,0,138,0,,GdPrv,,0,7,2007,WD,Normal,207619.555
1131,2592,20,RL,67.0,8368,Pave,,IR1,HLS,AllPub,Inside,Gtl,Timber,Norm,Norm,1Fam,1Story,7,5,2006,2007,Gable,CompShg,VinylSd,VinylSd,,0.0,Gd,TA,PConc,Gd,TA,No,Unf,0.0,Unf,0.0,1689.0,1689.0,GasA,Ex,Y,SBrkr,1689,0,0,1689,0.0,0.0,2,0,3,1,Gd,7,Typ,0,,Attchd,2007.0,Fin,2.0,433.0,TA,TA,Y,100,39,0,0,0,0,,,,0,4,2007,New,Partial,221374.095
1132,2593,20,RL,68.0,8298,Pave,,IR1,HLS,AllPub,Inside,Gtl,Timber,Norm,Norm,1Fam,1Story,8,5,2006,2007,Hip,CompShg,VinylSd,VinylSd,,,Gd,TA,PConc,Gd,TA,Av,GLQ,583.0,Unf,0.0,963.0,1546.0,GasA,Ex,Y,SBrkr,1564,0,0,1564,0.0,0.0,2,0,2,1,Ex,6,Typ,1,Gd,Attchd,2207.0,RFn,2.0,502.0,TA,TA,Y,132,0,0,0,0,0,,,,0,9,2007,New,Partial,261953.885
1133,2594,20,RL,42.0,10331,Pave,,Reg,Lvl,AllPub,CulDSac,Gtl,Timber,Norm,Norm,1Fam,1Story,7,7,1985,1985,Gable,CompShg,Plywood,Plywood,,0.0,TA,TA,CBlock,Gd,TA,No,ALQ,215.0,BLQ,80.0,970.0,1265.0,GasA,Gd,Y,SBrkr,1240,0,0,1240,0.0,1.0,2,0,3,1,Gd,6,Typ,0,,Attchd,1985.0,Unf,2.0,528.0,TA,TA,Y,232,0,0,0,0,0,,,,0,7,2007,WD,Normal,168556.345
1134,2595,20,RL,,6718,Pave,,IR1,Lvl,AllPub,Inside,Gtl,Timber,Norm,Norm,1Fam,1Story,8,5,2001,2001,Gable,CompShg,VinylSd,VinylSd,BrkFace,86.0,Gd,TA,PConc,Ex,TA,Mn,GLQ,250.0,Unf,0.0,1017.0,1267.0,GasA,Ex,Y,SBrkr,1312,0,0,1312,0.0,0.0,2,0,2,1,Gd,5,Typ,0,,Attchd,2001.0,Unf,2.0,471.0,TA,TA,Y,256,28,0,0,0,0,,,,0,1,2007,WD,Normal,206598.295
1135,2596,20,RL,80.0,11305,Pave,,Reg,Lvl,AllPub,Inside,Gtl,Timber,Norm,Norm,1Fam,1Story,8,5,2002,2002,Hip,CompShg,VinylSd,VinylSd,BrkFace,886.0,Gd,TA,PConc,Gd,TA,Av,GLQ,1329.0,Unf,0.0,593.0,1922.0,GasA,Ex,Y,SBrkr,1922,0,0,1922,1.0,0.0,2,0,2,1,Gd,6,Typ,1,Ex,Attchd,2002.0,Fin,3.0,692.0,TA,TA,Y,201,64,0,0,0,0,,,,0,4,2007,WD,Normal,311278.58
1136,2597,20,RL,,7777,Pave,,IR1,Lvl,AllPub,Inside,Gtl,Timber,Norm,Norm,1Fam,1Story,6,5,1996,1996,Gable,CompShg,VinylSd,VinylSd,BrkFace,203.0,Gd,TA,PConc,Ex,TA,No,Unf,0.0,Unf,0.0,1491.0,1491.0,GasA,Ex,Y,SBrkr,1491,0,0,1491,0.0,0.0,2,0,3,1,TA,7,Typ,1,TA,Attchd,1996.0,Fin,2.0,571.0,TA,TA,Y,0,35,0,0,0,0,,,,0,11,2007,WD,Normal,206857.215
1137,2598,60,RL,,11800,Pave,,IR1,Lvl,AllPub,Inside,Gtl,Timber,Norm,Norm,1Fam,2Story,7,5,2003,2004,Gable,CompShg,VinylSd,VinylSd,BrkFace,94.0,Gd,TA,PConc,Gd,TA,Gd,GLQ,766.0,Unf,0.0,356.0,1122.0,GasA,Ex,Y,SBrkr,1146,1340,0,2486,1.0,0.0,3,1,5,1,Gd,10,Typ,1,Gd,BuiltIn,2003.0,Fin,2.0,452.0,TA,TA,Y,143,32,0,0,0,0,,,,0,7,2007,WD,Normal,256436.08
1138,2599,20,RL,85.0,12633,Pave,,IR1,HLS,AllPub,Inside,Gtl,Timber,PosA,PosA,1Fam,1Story,10,5,2006,2007,Hip,CompShg,MetalSd,MetalSd,BrkFace,242.0,Ex,TA,PConc,Ex,TA,Gd,Unf,0.0,Unf,0.0,1824.0,1824.0,GasA,Ex,Y,SBrkr,1824,0,0,1824,0.0,0.0,2,0,3,1,Ex,8,Typ,1,Gd,Attchd,2006.0,Fin,3.0,932.0,TA,TA,Y,160,36,0,0,108,0,,,,0,9,2007,New,Partial,333323.03
1139,2600,20,RL,200.0,43500,Pave,,Reg,Lvl,AllPub,Inside,Gtl,Mitchel,Artery,Norm,1Fam,1Story,3,5,1953,1953,Gable,CompShg,MetalSd,MetalSd,,0.0,TA,TA,CBlock,,,,,0.0,,0.0,0.0,0.0,GasA,Ex,Y,SBrkr,2034,0,0,2034,0.0,0.0,1,0,2,1,TA,9,Min1,0,,2Types,1953.0,RFn,4.0,1041.0,TA,TA,N,483,266,0,0,0,561,,GdPrv,,0,6,2007,WD,Normal,185125.865
1140,2601,120,RM,62.0,6710,Pave,,IR1,Lvl,AllPub,FR3,Gtl,Mitchel,Norm,Norm,TwnhsE,SFoyer,6,5,1996,1997,Gable,CompShg,VinylSd,VinylSd,BrkFace,134.0,TA,TA,PConc,Ex,TA,Av,Rec,16.0,GLQ,904.0,0.0,920.0,GasA,Ex,Y,SBrkr,936,0,0,936,2.0,0.0,0,1,0,1,TA,3,Typ,0,,Attchd,1996.0,Fin,2.0,460.0,TA,TA,Y,0,40,0,0,0,0,,,,0,6,2007,WD,Normal,157149.45
1141,2602,160,RM,21.0,1504,Pave,,Reg,Lvl,AllPub,Inside,Gtl,MeadowV,Norm,Norm,Twnhs,2Story,4,4,1972,1972,Gable,CompShg,CemntBd,CmentBd,,0.0,TA,TA,CBlock,TA,TA,No,BLQ,252.0,Unf,0.0,294.0,546.0,GasA,TA,Y,SBrkr,546,546,0,1092,0.0,0.0,1,1,3,1,TA,5,Typ,0,,Attchd,1972.0,Unf,1.0,253.0,TA,TA,Y,0,0,0,0,0,0,,,,0,5,2007,WD,Normal,93339.5
1142,2603,180,RM,,1533,Pave,,Reg,Lvl,AllPub,Inside,Gtl,MeadowV,Norm,Norm,Twnhs,SLvl,4,5,1970,1970,Gable,CompShg,CemntBd,CmentBd,,0.0,TA,TA,CBlock,Gd,TA,Av,GLQ,503.0,Unf,0.0,27.0,530.0,GasA,TA,Y,SBrkr,530,462,0,992,1.0,0.0,1,0,2,1,TA,4,Typ,0,,BuiltIn,1970.0,Fin,1.0,297.0,TA,TA,Y,112,97,0,0,0,0,,,,0,7,2007,WD,Normal,97647.5
1143,2604,160,RM,21.0,1495,Pave,,Reg,Lvl,AllPub,Inside,Gtl,MeadowV,Norm,Norm,TwnhsE,2Story,4,6,1970,1970,Gable,CompShg,CemntBd,CmentBd,BrkFace,189.0,TA,TA,CBlock,TA,TA,No,ALQ,384.0,Unf,0.0,162.0,546.0,GasA,Ex,Y,SBrkr,546,546,0,1092,0.0,0.0,1,1,3,1,TA,5,Typ,0,,,,,0.0,0.0,,,Y,0,64,0,0,0,0,,,,0,5,2007,WD,Normal,98556.75
1144,2605,160,RM,21.0,1890,Pave,,Reg,Lvl,AllPub,Inside,Gtl,MeadowV,Norm,Norm,Twnhs,2Story,4,3,1976,1976,Gable,CompShg,CemntBd,CmentBd,,0.0,TA,TA,CBlock,TA,TA,No,Unf,0.0,Unf,0.0,546.0,546.0,GasA,Ex,Y,SBrkr,546,546,0,1092,0.0,0.0,1,1,3,1,TA,6,Typ,0,,Attchd,1976.0,Unf,1.0,286.0,TA,TA,Y,0,0,0,0,0,0,,GdWo,,0,4,2007,COD,Normal,103066.27
1145,2606,85,RL,72.0,9129,Pave,,Reg,Lvl,AllPub,Inside,Gtl,Mitchel,Norm,Norm,1Fam,SFoyer,5,5,1977,1977,Gable,CompShg,Plywood,Plywood,BrkFace,144.0,TA,TA,PConc,Gd,TA,Av,GLQ,923.0,Unf,0.0,0.0,923.0,GasA,TA,Y,SBrkr,1008,0,0,1008,1.0,0.0,1,0,1,1,Gd,4,Typ,1,Fa,Attchd,1977.0,Fin,2.0,678.0,TA,TA,Y,201,66,0,0,0,0,,MnPrv,,0,7,2007,WD,Normal,159309.67
1146,2607,80,RL,,15957,Pave,,IR1,Low,AllPub,Corner,Mod,Mitchel,Norm,Norm,1Fam,SLvl,6,6,1977,1977,Gable,CompShg,HdBoard,Plywood,,0.0,TA,TA,PConc,Gd,TA,Gd,GLQ,1148.0,Unf,0.0,96.0,1244.0,GasA,TA,Y,SBrkr,1356,0,0,1356,2.0,0.0,2,0,3,1,TA,6,Typ,1,TA,Attchd,1977.0,Fin,2.0,528.0,TA,TA,Y,1424,0,0,0,0,0,,MnPrv,,0,9,2007,WD,Normal,184986.18
1147,2608,20,RL,61.0,33983,Pave,,IR1,Lvl,AllPub,Inside,Gtl,Mitchel,Norm,Norm,1Fam,1Story,5,6,1977,1994,Gable,CompShg,Plywood,Plywood,,0.0,TA,Fa,PConc,TA,TA,Mn,ALQ,1112.0,Unf,0.0,48.0,1160.0,GasA,TA,Y,SBrkr,1676,0,0,1676,1.0,0.0,1,1,3,1,Gd,6,Mod,2,TA,Attchd,1977.0,RFn,2.0,672.0,TA,TA,P,690,90,0,0,0,0,,GdPrv,,0,5,2007,WD,Normal,199009.35
1148,2609,60,RL,68.0,8286,Pave,,IR1,Lvl,AllPub,Corner,Gtl,Mitchel,Norm,Norm,1Fam,2Story,5,7,1977,1977,Gable,CompShg,Plywood,Plywood,,0.0,TA,TA,PConc,Gd,TA,No,Rec,531.0,Unf,0.0,185.0,716.0,GasA,Ex,Y,SBrkr,716,716,0,1432,1.0,0.0,1,1,3,1,TA,6,Typ,1,Gd,Attchd,1977.0,Fin,2.0,531.0,TA,TA,Y,0,136,0,0,240,0,,GdPrv,,0,6,2007,WD,Normal,162852.3
1149,2610,85,RL,50.0,6723,Pave,,Reg,Lvl,AllPub,Inside,Gtl,Mitchel,Norm,Norm,1Fam,SFoyer,5,7,1971,1971,Gable,CompShg,Wd Sdng,HdBoard,,0.0,TA,TA,CBlock,Gd,TA,Av,GLQ,796.0,Unf,0.0,0.0,796.0,GasA,TA,Y,SBrkr,796,0,0,796,0.0,1.0,1,0,2,1,TA,5,Typ,0,,,,,0.0,0.0,,,Y,129,0,0,0,0,0,,GdWo,,0,9,2007,WD,Normal,106878.8
1150,2611,20,RL,124.0,27697,Pave,,Reg,Lvl,AllPub,Inside,Gtl,Mitchel,Norm,Norm,1Fam,1Story,4,3,1961,1961,Shed,CompShg,Plywood,Plywood,,198.0,TA,TA,CBlock,TA,TA,No,BLQ,811.0,Unf,0.0,585.0,1396.0,GasA,TA,N,SBrkr,1608,0,0,1608,0.0,0.0,1,0,3,1,TA,6,Typ,0,,Attchd,1961.0,Unf,1.0,444.0,TA,Fa,Y,152,38,0,0,0,0,,,,0,11,2007,COD,Abnorml,144328.0
1151,2612,20,RL,,11000,Pave,,IR2,Lvl,AllPub,Corner,Gtl,Mitchel,Norm,Norm,1Fam,1Story,5,6,1976,2003,Gable,CompShg,Plywood,Plywood,,0.0,TA,TA,PConc,Gd,TA,No,LwQ,1090.0,Unf,0.0,0.0,1090.0,GasA,TA,Y,SBrkr,1178,0,0,1178,1.0,0.0,1,1,3,1,TA,6,Typ,0,,Attchd,1976.0,Unf,2.0,502.0,TA,TA,Y,0,44,0,0,88,0,,MnPrv,,0,6,2007,WD,Normal,151135.185
1152,2613,20,RL,65.0,11625,Pave,,IR1,Lvl,AllPub,Inside,Gtl,Mitchel,Norm,Norm,1Fam,1Story,5,7,1983,1983,Gable,CompShg,HdBoard,HdBoard,,0.0,TA,TA,CBlock,Gd,TA,No,ALQ,596.0,Unf,0.0,220.0,816.0,GasA,TA,Y,SBrkr,816,0,0,816,1.0,0.0,1,0,2,1,TA,4,Typ,0,,Attchd,1983.0,Fin,1.0,264.0,TA,TA,Y,330,0,0,0,0,0,,MnPrv,,0,5,2007,WD,Normal,134062.25
1153,2614,20,RL,62.0,10447,Pave,,Reg,Lvl,AllPub,Inside,Gtl,Mitchel,Norm,Norm,1Fam,1Story,5,6,1984,1984,Gable,CompShg,Plywood,HdBoard,,0.0,TA,TA,CBlock,TA,TA,No,ALQ,516.0,Unf,0.0,348.0,864.0,GasA,TA,Y,SBrkr,887,0,0,887,0.0,1.0,1,0,3,1,TA,5,Typ,0,,Attchd,1984.0,RFn,1.0,288.0,TA,TA,Y,140,0,0,0,0,0,,,,0,12,2007,WD,Normal,129169.43
1154,2615,20,RL,,11027,Pave,,IR1,Lvl,AllPub,Inside,Gtl,NAmes,Norm,Norm,1Fam,1Story,6,5,1954,1954,Hip,CompShg,Wd Sdng,Wd Sdng,Stone,28.0,TA,TA,CBlock,TA,TA,No,BLQ,468.0,Rec,539.0,171.0,1178.0,GasA,Gd,Y,SBrkr,1293,0,0,1293,1.0,0.0,2,0,2,1,TA,5,Typ,0,,Attchd,1954.0,RFn,2.0,452.0,TA,TA,Y,280,0,0,0,0,0,,,,0,5,2006,WD,Normal,150786.45
1155,2616,20,RL,85.0,10533,Pave,,IR1,Lvl,AllPub,Inside,Gtl,NAmes,Norm,Norm,1Fam,1Story,6,6,1956,1956,Hip,CompShg,VinylSd,VinylSd,BrkFace,244.0,TA,Gd,CBlock,TA,TA,No,Rec,773.0,Unf,0.0,235.0,1008.0,GasA,TA,Y,SBrkr,1024,0,0,1024,1.0,0.0,1,0,2,1,Gd,5,Typ,2,TA,Attchd,1956.0,Unf,1.0,313.0,TA,TA,Y,0,0,0,0,280,0,,,,0,8,2006,WD,Normal,146308.925
1156,2617,20,RL,,11765,Pave,,IR1,Lvl,AllPub,Corner,Gtl,NAmes,Norm,Norm,1Fam,1Story,5,5,1957,1957,Gable,CompShg,Wd Sdng,Wd Sdng,Stone,302.0,TA,TA,CBlock,TA,TA,Mn,Rec,1127.0,Unf,0.0,490.0,1617.0,GasA,Fa,Y,SBrkr,1797,0,0,1797,0.0,0.0,1,1,3,1,TA,7,Typ,1,TA,Attchd,1957.0,Unf,3.0,963.0,TA,TA,Y,0,0,0,0,0,0,,,,0,6,2006,WD,Normal,182724.8
1157,2618,20,RL,,39384,Pave,,IR1,Low,AllPub,CulDSac,Sev,NAmes,Norm,Norm,1Fam,1Story,6,6,1957,1957,Gable,CompShg,Wd Sdng,Wd Sdng,Stone,902.0,TA,TA,CBlock,Gd,TA,Gd,ALQ,1110.0,Unf,0.0,595.0,1705.0,GasA,Ex,Y,SBrkr,1390,0,0,1390,1.0,0.0,1,1,1,1,Ex,4,Min1,2,Gd,Attchd,1957.0,Unf,2.0,550.0,TA,TA,Y,0,189,0,0,0,0,,,,0,10,2006,WD,Abnorml,195021.49
1158,2619,20,RL,90.0,11727,Pave,,Reg,Lvl,AllPub,Corner,Gtl,NAmes,Norm,Norm,1Fam,1Story,7,6,1969,1969,Gable,CompShg,HdBoard,HdBoard,BrkFace,434.0,TA,Gd,CBlock,TA,TA,Mn,Unf,0.0,Unf,0.0,1851.0,1851.0,GasA,Gd,Y,SBrkr,1851,0,0,1851,0.0,0.0,2,0,3,1,TA,8,Typ,1,TA,Attchd,1969.0,Fin,2.0,506.0,TA,TA,Y,0,146,0,0,0,0,,,,0,3,2006,WD,Normal,198121.5
1159,2620,60,RL,60.0,8238,Pave,,IR1,Lvl,AllPub,Inside,Gtl,Gilbert,Norm,Norm,1Fam,2Story,6,5,1997,1998,Gable,CompShg,VinylSd,VinylSd,,0.0,TA,TA,PConc,TA,TA,No,GLQ,700.0,Unf,0.0,113.0,813.0,GasA,Ex,Y,SBrkr,813,712,0,1525,1.0,0.0,2,1,3,1,TA,6,Typ,1,TA,Attchd,1997.0,Fin,2.0,400.0,TA,TA,Y,421,72,0,0,0,0,,,,0,5,2006,WD,Normal,184671.91
1160,2621,60,RL,,13041,Pave,,IR2,Lvl,AllPub,Inside,Gtl,Gilbert,Norm,Norm,1Fam,2Story,6,5,1995,1995,Gable,CompShg,HdBoard,HdBoard,,0.0,TA,TA,PConc,Gd,TA,No,Unf,0.0,Unf,0.0,781.0,781.0,GasA,Gd,Y,SBrkr,781,890,0,1671,0.0,0.0,2,1,3,1,TA,7,Typ,1,TA,Attchd,1995.0,Fin,2.0,423.0,TA,TA,Y,0,84,0,0,0,0,,,,0,2,2006,WD,Normal,185408.96
1161,2622,60,RL,54.0,9783,Pave,,IR1,Lvl,AllPub,Inside,Gtl,Gilbert,Norm,Norm,1Fam,2Story,6,5,1996,1996,Gable,CompShg,HdBoard,HdBoard,,0.0,TA,TA,PConc,Gd,TA,No,Unf,0.0,Unf,0.0,821.0,821.0,GasA,Gd,Y,SBrkr,821,955,0,1776,0.0,0.0,2,1,3,1,TA,7,Typ,1,TA,BuiltIn,1996.0,Fin,2.0,443.0,TA,TA,Y,286,116,0,0,0,0,,,,0,5,2006,WD,Normal,184339.91
1162,2623,60,RL,50.0,13128,Pave,,IR1,HLS,AllPub,CulDSac,Gtl,Gilbert,Norm,Norm,1Fam,2Story,8,5,2005,2005,Gable,CompShg,VinylSd,VinylSd,BrkFace,216.0,Gd,TA,PConc,Gd,TA,No,Unf,0.0,Unf,0.0,1074.0,1074.0,GasA,Ex,Y,SBrkr,1074,990,0,2064,0.0,0.0,2,1,4,1,Gd,7,Typ,1,Gd,Attchd,2005.0,Fin,2.0,527.0,TA,TA,Y,0,119,0,0,0,0,,,,0,1,2006,WD,Normal,236529.095
1163,2624,60,RL,42.0,13751,Pave,,IR1,HLS,AllPub,CulDSac,Gtl,Gilbert,Norm,Norm,1Fam,2Story,7,5,2005,2006,Gable,CompShg,VinylSd,VinylSd,BrkFace,248.0,Gd,TA,PConc,Gd,TA,Av,GLQ,60.0,Unf,0.0,1640.0,1700.0,GasA,Ex,Y,SBrkr,1700,512,0,2212,1.0,0.0,2,1,3,1,Gd,9,Typ,1,Gd,Attchd,2006.0,Fin,3.0,773.0,TA,TA,Y,237,38,0,0,115,0,,,,0,5,2006,New,Partial,293529.6
1164,2625,160,RL,68.0,13108,Pave,,IR1,Lvl,AllPub,Inside,Gtl,StoneBr,Norm,Norm,1Fam,2Story,8,5,1994,1994,Gable,CompShg,CemntBd,CmentBd,,0.0,Gd,TA,PConc,Gd,TA,No,Unf,0.0,Unf,0.0,2062.0,2062.0,GasA,Ex,Y,SBrkr,2079,608,0,2687,0.0,0.0,2,1,4,1,Gd,9,Typ,0,,Attchd,1994.0,Fin,2.0,618.0,TA,TA,Y,168,12,0,0,0,0,,,,0,12,2006,WD,Normal,279338.195
1165,2626,20,RL,,8076,Pave,,IR1,Lvl,AllPub,Inside,Gtl,Gilbert,Norm,Norm,1Fam,1Story,6,6,1993,1994,Gable,CompShg,HdBoard,HdBoard,BrkFace,112.0,TA,TA,PConc,Gd,TA,No,GLQ,705.0,Unf,0.0,455.0,1160.0,GasA,Gd,Y,SBrkr,1169,0,0,1169,0.0,1.0,2,0,3,1,TA,6,Typ,1,TA,Attchd,1993.0,Fin,2.0,402.0,TA,TA,Y,0,26,0,0,144,0,,MnPrv,,0,7,2006,WD,Normal,170289.395
1166,2627,120,RL,30.0,3701,Pave,,IR1,Lvl,AllPub,Inside,Gtl,StoneBr,Norm,Norm,TwnhsE,1Story,8,5,1987,1987,Gable,CompShg,HdBoard,HdBoard,,0.0,TA,TA,CBlock,Gd,TA,No,Unf,0.0,Unf,0.0,1191.0,1191.0,GasA,TA,Y,SBrkr,1204,0,0,1204,0.0,0.0,2,0,2,1,TA,5,Typ,0,,Attchd,1987.0,RFn,2.0,461.0,TA,TA,Y,120,70,0,0,0,0,,,,0,8,2006,WD,Normal,167709.86
1167,2628,60,RL,59.0,16023,Pave,,IR1,HLS,AllPub,CulDSac,Gtl,StoneBr,Norm,Norm,1Fam,2Story,9,5,2005,2006,Hip,CompShg,VinylSd,VinylSd,BrkFace,600.0,Gd,Ex,PConc,Ex,TA,Gd,GLQ,1218.0,Unf,0.0,180.0,1398.0,GasA,Ex,Y,SBrkr,1414,1384,0,2798,1.0,0.0,3,1,3,1,Ex,11,Typ,1,Gd,BuiltIn,2005.0,Fin,3.0,670.0,TA,TA,Y,182,37,0,0,0,0,,,,0,3,2006,New,Partial,370115.365
1168,2629,60,RL,60.0,18062,Pave,,IR1,HLS,AllPub,CulDSac,Gtl,StoneBr,Norm,Norm,1Fam,2Story,10,5,2006,2006,Hip,CompShg,CemntBd,CmentBd,BrkFace,662.0,Ex,TA,PConc,Ex,TA,Gd,Unf,0.0,Unf,0.0,1528.0,1528.0,GasA,Ex,Y,SBrkr,1528,1862,0,3390,0.0,0.0,3,1,5,1,Ex,10,Typ,1,Ex,BuiltIn,2006.0,Fin,3.0,758.0,TA,TA,Y,204,34,0,0,0,0,,,,0,9,2006,New,Partial,393531.63
1169,2630,60,RL,63.0,12292,Pave,,IR1,HLS,AllPub,CulDSac,Gtl,StoneBr,Norm,Norm,1Fam,2Story,9,5,2006,2006,Hip,CompShg,VinylSd,VinylSd,BrkFace,184.0,Gd,TA,PConc,Ex,Gd,Gd,GLQ,205.0,Unf,0.0,889.0,1094.0,GasA,Ex,Y,SBrkr,1102,1371,0,2473,0.0,0.0,2,1,4,1,Gd,11,Typ,1,Gd,BuiltIn,2006.0,Fin,3.0,675.0,TA,TA,Y,246,39,0,0,0,0,,,,0,7,2006,New,Partial,314106.22
1170,2631,60,RL,82.0,16052,Pave,,IR1,Lvl,AllPub,CulDSac,Gtl,StoneBr,Norm,Norm,1Fam,2Story,10,5,2006,2006,Hip,CompShg,VinylSd,VinylSd,Stone,734.0,Ex,TA,PConc,Ex,TA,No,GLQ,1206.0,Unf,0.0,644.0,1850.0,GasA,Ex,Y,SBrkr,1850,848,0,2698,1.0,0.0,2,1,4,1,Ex,11,Typ,1,Gd,Attchd,2006.0,RFn,3.0,736.0,TA,TA,Y,250,0,0,0,0,0,,,,0,7,2006,New,Partial,400004.895
1171,2632,60,RL,92.0,15922,Pave,,IR1,HLS,AllPub,Corner,Gtl,StoneBr,Norm,Norm,1Fam,2Story,9,5,2005,2006,Hip,CompShg,VinylSd,VinylSd,BrkFace,550.0,Gd,TA,PConc,Ex,TA,Av,Unf,0.0,Unf,0.0,1390.0,1390.0,GasA,Ex,Y,SBrkr,1390,1405,0,2795,0.0,0.0,3,1,4,1,Ex,10,Typ,1,Gd,BuiltIn,2005.0,Fin,3.0,660.0,TA,TA,Y,272,102,0,0,0,0,,,,0,1,2006,New,Partial,345684.79
1172,2633,120,RL,60.0,8147,Pave,,Reg,HLS,AllPub,Inside,Gtl,StoneBr,Norm,Norm,TwnhsE,1Story,9,5,2005,2005,Hip,CompShg,MetalSd,MetalSd,BrkFace,230.0,Gd,TA,PConc,Ex,TA,Gd,GLQ,1191.0,Unf,0.0,523.0,1714.0,GasA,Ex,Y,SBrkr,1714,0,0,1714,1.0,0.0,2,0,2,1,Gd,7,Typ,1,Gd,Attchd,2005.0,Fin,2.0,517.0,TA,TA,Y,156,55,0,0,0,0,,,,0,8,2006,WD,Normal,289313.3
1173,2634,20,RL,90.0,18261,Pave,,IR1,HLS,AllPub,Inside,Gtl,StoneBr,Norm,Norm,1Fam,1Story,9,5,2005,2005,Hip,CompShg,VinylSd,VinylSd,BrkFace,420.0,Ex,TA,PConc,Ex,TA,Gd,GLQ,1416.0,Unf,0.0,494.0,1910.0,GasA,Ex,Y,SBrkr,2000,0,0,2000,1.0,0.0,2,1,3,1,Ex,8,Typ,2,Gd,Attchd,2005.0,Unf,3.0,722.0,TA,TA,Y,351,102,0,0,123,0,,,,0,9,2006,WD,Normal,376502.915
1174,2635,85,RL,,10464,Pave,,IR1,Lvl,AllPub,FR3,Gtl,NWAmes,Norm,Norm,1Fam,SFoyer,6,6,1980,1980,Gable,CompShg,HdBoard,HdBoard,BrkFace,130.0,TA,TA,CBlock,Gd,TA,Av,GLQ,850.0,Unf,0.0,138.0,988.0,GasA,TA,Y,SBrkr,1102,0,0,1102,1.0,0.0,1,0,2,1,TA,5,Typ,1,TA,Attchd,1980.0,RFn,2.0,582.0,TA,TA,Y,140,22,0,0,0,0,,,,0,6,2006,WD,Normal,159240.675
1175,2636,60,RL,81.0,10530,Pave,,Reg,Lvl,AllPub,Inside,Gtl,NWAmes,PosA,Norm,1Fam,2Story,7,5,1978,1978,Gable,CompShg,Plywood,Plywood,BrkFace,68.0,TA,TA,CBlock,TA,TA,No,Unf,0.0,Unf,0.0,945.0,945.0,GasA,TA,Y,SBrkr,945,912,0,1857,0.0,0.0,2,1,4,1,TA,8,Typ,1,TA,Attchd,1978.0,RFn,2.0,482.0,TA,TA,Y,400,105,0,0,0,0,,GdPrv,,0,7,2006,WD,Normal,187913.75
1176,2637,85,RL,,9927,Pave,,IR1,Lvl,AllPub,Inside,Gtl,NWAmes,Norm,Norm,1Fam,SFoyer,7,5,1976,1976,Gable,CompShg,VinylSd,Wd Shng,Stone,252.0,Gd,TA,CBlock,Ex,TA,Gd,GLQ,1005.0,Unf,0.0,42.0,1047.0,GasA,TA,Y,SBrkr,1083,0,0,1083,1.0,0.0,1,0,2,1,TA,5,Typ,1,Fa,Attchd,1976.0,RFn,2.0,596.0,TA,TA,Y,444,0,40,0,0,0,,,,0,7,2006,WD,Normal,186254.275
1177,2638,60,FV,75.0,9512,Pave,,IR1,Lvl,AllPub,Inside,Gtl,Somerst,RRAn,Norm,1Fam,2Story,7,5,2005,2006,Gable,CompShg,VinylSd,VinylSd,,0.0,Gd,TA,PConc,Gd,TA,No,ALQ,788.0,Unf,0.0,172.0,960.0,GasA,Ex,Y,SBrkr,960,1358,0,2318,1.0,0.0,2,1,3,1,Gd,8,Typ,1,Ex,BuiltIn,2005.0,Fin,2.0,541.0,TA,TA,Y,0,246,0,0,0,0,,,,0,6,2006,New,Partial,248240.15
1178,2639,80,RL,81.0,10530,Pave,,Reg,Lvl,AllPub,Inside,Gtl,NWAmes,Norm,Norm,1Fam,SLvl,6,6,1975,2000,Gable,CompShg,Plywood,Plywood,BrkFace,248.0,TA,TA,CBlock,TA,Fa,No,ALQ,548.0,Unf,0.0,127.0,675.0,GasA,TA,Y,SBrkr,1109,766,0,1875,0.0,0.0,3,0,3,1,Gd,8,Typ,1,TA,Attchd,1975.0,RFn,2.0,485.0,TA,TA,Y,48,28,0,0,0,0,,,,0,6,2006,WD,Normal,180537.53
1179,2640,20,RL,80.0,10000,Pave,,Reg,Lvl,AllPub,Inside,Gtl,NWAmes,Norm,Norm,1Fam,1Story,6,6,1974,1974,Gable,CompShg,HdBoard,Plywood,BrkFace,176.0,TA,TA,CBlock,TA,TA,No,ALQ,755.0,Unf,0.0,348.0,1103.0,GasA,TA,Y,SBrkr,1103,0,0,1103,0.0,0.0,2,0,3,1,TA,6,Typ,0,,Attchd,1974.0,Unf,2.0,462.0,TA,TA,Y,295,84,0,0,0,0,,GdWo,,0,6,2006,WD,Normal,154479.25
1180,2641,20,RL,60.0,7200,Pave,,Reg,Lvl,AllPub,Inside,Gtl,NAmes,Norm,Norm,1Fam,1Story,4,4,1971,1971,Gable,CompShg,HdBoard,HdBoard,,0.0,TA,TA,CBlock,TA,TA,No,Rec,20.0,LwQ,620.0,224.0,864.0,GasA,TA,Y,SBrkr,874,0,0,874,0.0,1.0,1,0,3,1,TA,5,Typ,0,,Detchd,1995.0,Unf,2.0,576.0,TA,TA,Y,63,0,0,0,0,0,,,,0,3,2006,WD,Normal,119016.0
1181,2642,120,RH,26.0,8773,Pave,,IR2,Lvl,AllPub,FR2,Gtl,NAmes,Norm,Norm,TwnhsE,1Story,6,5,2002,2002,Gable,CompShg,MetalSd,MetalSd,,0.0,Gd,TA,PConc,Gd,TA,No,GLQ,951.0,Unf,0.0,536.0,1487.0,GasA,Ex,Y,SBrkr,1419,0,0,1419,1.0,0.0,2,0,2,1,Gd,4,Typ,0,,Attchd,2002.0,Fin,2.0,543.0,TA,TA,Y,196,68,0,0,0,0,,,,0,9,2006,WD,Normal,203134.335
1182,2643,160,RM,24.0,2760,Pave,,Reg,Lvl,AllPub,Inside,Gtl,BrDale,Norm,Norm,TwnhsE,2Story,6,5,1973,1973,Gable,CompShg,HdBoard,HdBoard,BrkFace,514.0,TA,TA,CBlock,TA,TA,No,Unf,0.0,Unf,0.0,525.0,525.0,GasA,TA,Y,SBrkr,525,567,0,1092,0.0,0.0,1,1,3,1,TA,6,Typ,0,,Detchd,1973.0,Unf,2.0,440.0,TA,TA,Y,0,0,0,0,0,0,,,,0,12,2006,WD,Normal,110551.02
1183,2644,160,RM,24.0,2160,Pave,,Reg,Lvl,AllPub,Inside,Gtl,BrDale,Norm,Norm,TwnhsE,2Story,5,6,1973,1973,Gable,CompShg,HdBoard,HdBoard,BrkFace,200.0,TA,TA,CBlock,TA,TA,No,LwQ,402.0,Unf,0.0,363.0,765.0,GasA,Gd,Y,SBrkr,765,600,0,1365,0.0,0.0,1,1,3,1,Gd,7,Min1,1,Fa,Attchd,1973.0,Unf,2.0,440.0,TA,TA,Y,0,36,0,0,0,0,,,,0,6,2006,WD,Normal,140565.665
1184,2645,160,RM,21.0,1890,Pave,,Reg,Lvl,AllPub,Inside,Gtl,BrDale,Norm,Norm,Twnhs,2Story,6,7,1972,1972,Gable,CompShg,HdBoard,HdBoard,BrkFace,380.0,TA,TA,CBlock,TA,TA,No,ALQ,282.0,Unf,0.0,212.0,494.0,GasA,Ex,Y,SBrkr,494,536,0,1030,0.0,0.0,1,1,3,1,TA,6,Typ,0,,Detchd,1973.0,Unf,1.0,264.0,TA,TA,Y,0,0,0,0,0,0,,,,0,7,2006,WD,Normal,104050.71
1185,2646,160,RM,21.0,1680,Pave,,Reg,Lvl,AllPub,Inside,Gtl,BrDale,Norm,Norm,Twnhs,2Story,6,5,1972,1972,Gable,CompShg,HdBoard,HdBoard,BrkFace,504.0,TA,TA,CBlock,TA,TA,No,ALQ,276.0,Unf,0.0,207.0,483.0,GasA,TA,Y,SBrkr,483,465,0,948,0.0,0.0,1,1,2,1,TA,5,Typ,0,,Detchd,1972.0,Unf,1.0,264.0,TA,TA,Y,0,0,0,0,0,0,,,,0,7,2006,WD,Normal,93504.52
1186,2647,160,RM,21.0,1680,Pave,,Reg,Lvl,AllPub,Inside,Gtl,BrDale,Norm,Norm,Twnhs,2Story,6,5,1972,1972,Gable,CompShg,HdBoard,HdBoard,BrkFace,504.0,TA,TA,CBlock,TA,TA,No,BLQ,382.0,Unf,0.0,143.0,525.0,GasA,Gd,Y,SBrkr,525,567,0,1092,0.0,0.0,1,1,3,1,TA,6,Typ,0,,Detchd,1972.0,Unf,1.0,264.0,TA,TA,Y,352,0,0,0,0,0,,GdPrv,,0,10,2006,WD,Normal,102293.0
1187,2648,120,RL,53.0,4043,Pave,,Reg,Lvl,AllPub,Inside,Gtl,NPkVill,Norm,Norm,TwnhsE,1Story,6,5,1975,1975,Gable,CompShg,Plywood,Plywood,,0.0,TA,TA,CBlock,Gd,TA,No,ALQ,727.0,BLQ,156.0,186.0,1069.0,GasA,Gd,Y,SBrkr,1069,0,0,1069,0.0,1.0,2,0,2,1,TA,4,Typ,1,Po,Attchd,1975.0,RFn,2.0,440.0,TA,TA,Y,0,55,0,0,225,0,,,,0,7,2006,WD,Normal,143569.46
1188,2649,20,RL,65.0,7514,Pave,,Reg,Lvl,AllPub,Inside,Gtl,NAmes,Norm,Norm,1Fam,1Story,5,7,1967,1975,Hip,CompShg,MetalSd,MetalSd,,0.0,TA,TA,CBlock,TA,TA,Mn,ALQ,373.0,Rec,108.0,462.0,943.0,GasA,TA,Y,SBrkr,1387,0,0,1387,1.0,0.0,1,0,3,1,TA,6,Typ,1,TA,Attchd,1974.0,RFn,1.0,300.0,TA,TA,Y,0,0,240,0,0,0,,,,0,9,2006,WD,Normal,143748.625
1189,2650,120,RL,24.0,2280,Pave,,Reg,Lvl,AllPub,FR2,Gtl,NPkVill,Norm,Norm,Twnhs,1Story,7,7,1976,1976,Gable,CompShg,Plywood,Brk Cmn,,0.0,TA,TA,CBlock,TA,TA,No,ALQ,120.0,BLQ,492.0,443.0,1055.0,GasA,TA,Y,SBrkr,1055,0,0,1055,1.0,0.0,2,0,2,1,TA,4,Typ,0,,Attchd,1976.0,Unf,1.0,319.0,TA,TA,Y,0,29,0,0,0,0,,,,0,4,2006,WD,Normal,134276.32
1190,2651,160,RL,24.0,2179,Pave,,Reg,Lvl,AllPub,Inside,Gtl,NPkVill,Norm,Norm,Twnhs,2Story,6,5,1976,1976,Gable,CompShg,Plywood,Brk Cmn,,0.0,TA,TA,CBlock,Gd,TA,No,ALQ,70.0,Unf,0.0,785.0,855.0,GasA,Gd,Y,SBrkr,855,601,0,1456,0.0,0.0,2,1,3,1,TA,6,Typ,1,TA,Attchd,1976.0,RFn,2.0,460.0,TA,TA,Y,0,28,0,0,0,0,,,,0,7,2006,WD,Normal,151067.02
1191,2652,60,RL,72.0,16387,Pave,,IR1,Lvl,AllPub,Inside,Gtl,NridgHt,Norm,Norm,1Fam,2Story,9,5,2006,2006,Hip,CompShg,VinylSd,VinylSd,Stone,215.0,Gd,TA,PConc,Ex,Gd,No,GLQ,1369.0,Unf,0.0,369.0,1738.0,GasA,Gd,Y,SBrkr,1738,851,0,2589,1.0,0.0,2,1,4,1,Ex,11,Typ,1,Gd,Attchd,2006.0,RFn,3.0,831.0,TA,TA,Y,0,0,0,0,0,0,,,,0,8,2006,New,Partial,367510.4
1192,2653,20,RL,110.0,16163,Pave,,Reg,Lvl,AllPub,Corner,Gtl,NridgHt,Norm,Norm,1Fam,1Story,8,5,2004,2004,Gable,CompShg,VinylSd,VinylSd,BrkFace,232.0,Gd,TA,PConc,Gd,TA,Av,Unf,0.0,Unf,0.0,1618.0,1618.0,GasA,Ex,Y,SBrkr,1618,0,0,1618,0.0,0.0,2,0,2,1,Gd,6,Typ,1,Gd,Attchd,2004.0,Fin,3.0,880.0,TA,TA,Y,0,0,0,0,0,0,,,,0,7,2006,WD,Normal,253243.235
1193,2654,20,RL,108.0,12228,Pave,,Reg,Lvl,AllPub,Corner,Gtl,NridgHt,Norm,Norm,1Fam,1Story,7,5,2006,2006,Hip,CompShg,VinylSd,VinylSd,Stone,206.0,Gd,TA,PConc,Ex,Gd,No,Unf,0.0,Unf,0.0,1721.0,1721.0,GasA,Ex,Y,SBrkr,1740,0,0,1740,0.0,0.0,2,0,4,1,Gd,8,Typ,0,,Attchd,2006.0,RFn,3.0,874.0,TA,TA,Y,0,43,0,0,0,0,,,,0,9,2006,New,Partial,272934.075
1194,2655,20,RL,120.0,14780,Pave,,IR1,HLS,AllPub,Corner,Mod,NridgHt,Norm,Norm,1Fam,1Story,9,5,2005,2005,Hip,CompShg,VinylSd,VinylSd,BrkFace,568.0,Ex,TA,PConc,Ex,TA,Gd,GLQ,1505.0,Unf,0.0,363.0,1868.0,GasA,Ex,Y,SBrkr,1868,0,0,1868,1.0,0.0,2,0,2,1,Ex,7,Typ,1,Gd,Attchd,2005.0,Fin,3.0,1085.0,TA,TA,Y,354,56,0,0,156,0,,,,0,6,2006,WD,Normal,360862.895
1195,2656,60,RL,120.0,13975,Pave,,IR1,Lvl,AllPub,Corner,Gtl,NridgHt,Norm,Norm,1Fam,2Story,9,5,2005,2006,Hip,CompShg,VinylSd,VinylSd,BrkFace,525.0,Gd,TA,PConc,Gd,TA,Av,Unf,0.0,Unf,0.0,1090.0,1090.0,GasA,Ex,Y,SBrkr,1117,1089,0,2206,0.0,0.0,2,1,4,1,Ex,10,Typ,1,Gd,BuiltIn,2005.0,Fin,3.0,670.0,TA,TA,Y,148,95,0,0,0,0,,,,0,8,2006,New,Partial,313305.59
1196,2657,60,RL,82.0,9942,Pave,,IR1,Lvl,AllPub,Inside,Gtl,NridgHt,Norm,Norm,1Fam,2Story,9,5,2005,2006,Gable,CompShg,MetalSd,MetalSd,BrkFace,385.0,Ex,TA,PConc,Ex,Gd,Av,GLQ,1290.0,Unf,0.0,316.0,1606.0,GasA,Ex,Y,SBrkr,1625,466,0,2091,1.0,0.0,2,1,3,1,Ex,8,Typ,1,Gd,Attchd,2005.0,RFn,2.0,521.0,TA,TA,Y,194,84,0,0,0,0,,,,0,5,2006,New,Partial,316023.985
1197,2658,60,RL,103.0,12867,Pave,,IR1,Lvl,AllPub,Corner,Gtl,NridgHt,Norm,Norm,1Fam,2Story,8,5,2005,2006,Gable,CompShg,CemntBd,CmentBd,,,Gd,TA,PConc,Ex,TA,Av,Unf,0.0,Unf,0.0,1209.0,1209.0,GasA,Ex,Y,SBrkr,1209,1044,0,2253,0.0,0.0,2,1,3,1,Ex,8,Typ,1,Gd,Attchd,2005.0,Fin,2.0,575.0,TA,TA,Y,243,142,0,0,0,0,,,,0,7,2006,New,Partial,291147.685
1198,2659,60,RL,82.0,10672,Pave,,IR1,Lvl,AllPub,Inside,Gtl,NridgHt,Norm,Norm,1Fam,2Story,8,5,2006,2006,Gable,CompShg,VinylSd,VinylSd,,0.0,Gd,TA,PConc,Ex,TA,Gd,Unf,0.0,Unf,0.0,1054.0,1054.0,GasA,Gd,Y,SBrkr,1054,1335,0,2389,0.0,0.0,2,1,4,1,Gd,10,Typ,1,Gd,BuiltIn,2006.0,Fin,3.0,672.0,TA,TA,Y,176,64,0,0,0,0,,,,0,11,2006,New,Partial,286866.805
1199,2660,60,RL,82.0,11643,Pave,,IR1,Lvl,AllPub,Inside,Gtl,NridgHt,Norm,Norm,1Fam,2Story,8,5,2005,2006,Hip,CompShg,MetalSd,MetalSd,BrkFace,142.0,Gd,TA,PConc,Ex,TA,Av,GLQ,880.0,Unf,0.0,644.0,1524.0,GasA,Ex,Y,SBrkr,1544,814,0,2358,1.0,0.0,2,1,4,1,Ex,10,Typ,1,Gd,BuiltIn,2005.0,Fin,3.0,784.0,TA,TA,Y,120,34,0,0,0,0,,,,0,8,2006,New,Partial,333000.99
1200,2661,20,RL,121.0,13758,Pave,,IR1,Lvl,AllPub,Inside,Gtl,NridgHt,Norm,Norm,1Fam,1Story,9,5,2005,2006,Gable,CompShg,VinylSd,VinylSd,BrkFace,430.0,Ex,TA,PConc,Ex,TA,Gd,GLQ,1232.0,Unf,0.0,560.0,1792.0,GasA,Ex,Y,SBrkr,1792,0,0,1792,1.0,0.0,2,0,2,1,Gd,6,Typ,1,Gd,Attchd,2005.0,RFn,3.0,925.0,TA,TA,Y,204,49,0,0,0,0,,,,0,3,2006,New,Partial,335513.235
1201,2662,20,RL,131.0,14828,Pave,,IR1,Lvl,AllPub,Corner,Gtl,NridgHt,Norm,Norm,1Fam,1Story,9,5,2004,2005,Hip,CompShg,MetalSd,MetalSd,BrkFace,674.0,Ex,TA,PConc,Ex,TA,Gd,GLQ,1383.0,Unf,0.0,397.0,1780.0,GasA,Ex,Y,SBrkr,1780,0,0,1780,1.0,0.0,2,0,2,1,Ex,7,Typ,1,Gd,Attchd,2004.0,Fin,3.0,816.0,TA,TA,Y,144,68,0,0,0,0,,,,0,8,2006,WD,Normal,342917.04
1202,2663,60,RL,,13215,Pave,,IR1,Lvl,AllPub,Corner,Gtl,NridgHt,Norm,Norm,1Fam,2Story,8,5,2004,2004,Gable,CompShg,VinylSd,VinylSd,BrkFace,112.0,Gd,TA,PConc,Gd,TA,No,GLQ,994.0,Unf,0.0,426.0,1420.0,GasA,Ex,Y,SBrkr,1426,488,0,1914,1.0,0.0,2,1,3,1,Gd,9,Typ,1,TA,BuiltIn,2004.0,RFn,3.0,746.0,TA,TA,Y,168,127,0,0,0,0,,,,0,2,2006,WD,Normal,270763.02
1203,2664,120,RL,48.0,5911,Pave,,Reg,Lvl,AllPub,Inside,Gtl,NridgHt,Norm,Norm,TwnhsE,1Story,9,5,2005,2005,Hip,CompShg,MetalSd,MetalSd,BrkFace,278.0,Ex,TA,PConc,Ex,TA,No,GLQ,472.0,Unf,0.0,1088.0,1560.0,GasA,Ex,Y,SBrkr,1565,0,0,1565,1.0,0.0,2,0,2,1,Ex,6,Typ,1,Gd,Attchd,2005.0,RFn,2.0,556.0,TA,TA,Y,196,56,0,0,0,0,,,,0,3,2006,WD,Normal,278636.66
1204,2665,20,RL,61.0,7740,Pave,,Reg,Lvl,AllPub,Inside,Gtl,NridgHt,Norm,Norm,TwnhsE,1Story,9,5,2006,2006,Hip,CompShg,MetalSd,MetalSd,BrkFace,518.0,Gd,TA,PConc,Ex,Gd,No,GLQ,1023.0,Unf,0.0,663.0,1686.0,GasA,Ex,Y,SBrkr,1686,0,0,1686,1.0,0.0,2,0,1,1,Ex,6,Typ,1,Gd,Attchd,2006.0,Fin,3.0,899.0,TA,TA,Y,266,100,0,0,0,0,,,,0,6,2006,New,Partial,318621.845
1205,2666,120,RL,48.0,6373,Pave,,Reg,Lvl,AllPub,Inside,Gtl,NridgHt,Norm,Norm,TwnhsE,1Story,9,5,2006,2006,Hip,CompShg,MetalSd,MetalSd,BrkFace,572.0,Ex,TA,PConc,Ex,Gd,No,GLQ,415.0,Unf,0.0,1251.0,1666.0,GasA,Ex,Y,SBrkr,1666,0,0,1666,1.0,0.0,2,0,2,1,Gd,6,Typ,1,Gd,Attchd,2006.0,RFn,2.0,575.0,TA,TA,Y,228,75,0,0,0,0,,,,0,6,2006,New,Partial,285189.59
1206,2667,60,RL,65.0,10237,Pave,,Reg,Lvl,AllPub,Inside,Gtl,Gilbert,RRAn,Norm,1Fam,2Story,6,5,2005,2006,Gable,CompShg,VinylSd,VinylSd,,0.0,Gd,TA,PConc,Gd,TA,No,Unf,0.0,Unf,0.0,728.0,728.0,GasA,Ex,Y,SBrkr,728,728,0,1456,0.0,0.0,2,1,3,1,Gd,8,Typ,1,Gd,Attchd,2005.0,Fin,2.0,390.0,TA,TA,Y,0,24,0,0,0,0,,,,0,2,2006,New,Partial,173038.41
1207,2668,60,RL,65.0,10237,Pave,,Reg,Lvl,AllPub,Inside,Gtl,Gilbert,RRAn,Norm,1Fam,2Story,7,5,2006,2006,Gable,CompShg,VinylSd,VinylSd,,0.0,Gd,TA,PConc,Gd,TA,No,Unf,0.0,Unf,0.0,738.0,738.0,GasA,Ex,Y,SBrkr,738,754,0,1492,0.0,0.0,2,1,3,1,Gd,8,Typ,0,,Attchd,2006.0,Fin,2.0,440.0,TA,TA,Y,0,32,0,0,0,0,,,,0,9,2006,New,Partial,185961.995
1208,2669,20,RL,102.0,11660,Pave,,IR1,Lvl,AllPub,Inside,Gtl,Gilbert,Norm,Norm,1Fam,1Story,6,5,2006,2006,Gable,CompShg,VinylSd,VinylSd,,0.0,Gd,TA,PConc,Gd,TA,Av,Unf,0.0,Unf,0.0,1326.0,1326.0,GasA,Ex,Y,SBrkr,1326,0,0,1326,0.0,0.0,2,0,3,1,Gd,6,Typ,0,,Attchd,2006.0,Fin,2.0,427.0,TA,TA,Y,100,0,0,0,0,0,,,,0,7,2006,New,Partial,187514.97
1209,2670,60,RL,96.0,11631,Pave,,IR1,Lvl,AllPub,Corner,Gtl,Gilbert,Norm,Norm,1Fam,2Story,8,5,2004,2005,Gable,CompShg,VinylSd,VinylSd,BrkFace,236.0,Gd,TA,PConc,Gd,TA,Av,Unf,0.0,Unf,0.0,1052.0,1052.0,GasA,Ex,Y,SBrkr,1052,1321,0,2373,0.0,0.0,2,1,4,1,Gd,9,Typ,1,Gd,BuiltIn,2004.0,Fin,3.0,632.0,TA,TA,Y,120,46,0,0,0,0,,,,0,6,2006,New,Partial,274212.36
1210,2671,60,RL,75.0,9073,Pave,,IR1,Lvl,AllPub,Inside,Gtl,Gilbert,Norm,Norm,1Fam,2Story,7,5,2006,2006,Gable,CompShg,VinylSd,VinylSd,,0.0,Gd,TA,PConc,Gd,TA,No,Unf,0.0,Unf,0.0,738.0,738.0,GasA,Ex,Y,SBrkr,738,754,0,1492,0.0,0.0,2,1,3,1,Gd,8,Typ,0,,Attchd,2006.0,Fin,2.0,440.0,TA,TA,Y,100,32,0,0,0,0,,,,0,10,2006,New,Partial,187759.975
1211,2672,120,RL,43.0,3087,Pave,,Reg,Lvl,AllPub,Inside,Gtl,Blmngtn,Norm,Norm,TwnhsE,1Story,7,5,2006,2006,Gable,CompShg,VinylSd,VinylSd,BrkFace,14.0,Gd,TA,PConc,Gd,TA,Av,GLQ,453.0,Unf,0.0,767.0,1220.0,GasA,Ex,Y,SBrkr,1364,0,0,1364,1.0,0.0,2,0,2,1,Gd,6,Typ,1,Gd,Attchd,2006.0,Fin,2.0,437.0,TA,TA,Y,100,16,0,0,0,0,,,,0,11,2006,New,Partial,187188.275
1212,2673,120,RL,,2938,Pave,,Reg,Lvl,AllPub,Inside,Gtl,Blmngtn,Norm,Norm,TwnhsE,1Story,7,5,2002,2002,Gable,CompShg,VinylSd,VinylSd,BrkFace,40.0,Gd,TA,PConc,Gd,TA,Av,GLQ,1038.0,Unf,0.0,330.0,1368.0,GasA,Ex,Y,SBrkr,1511,0,0,1511,1.0,0.0,2,0,2,1,Gd,5,Typ,1,TA,Attchd,2002.0,Fin,2.0,398.0,TA,TA,Y,130,30,0,0,0,0,,,,0,5,2006,WD,Normal,206345.56
1213,2674,120,RM,,3072,Pave,,Reg,Lvl,AllPub,Inside,Gtl,Blmngtn,Norm,Norm,TwnhsE,1Story,7,5,2004,2004,Hip,CompShg,VinylSd,VinylSd,BrkFace,18.0,Gd,TA,PConc,Gd,TA,No,GLQ,1059.0,Unf,0.0,306.0,1365.0,GasA,Ex,Y,SBrkr,1548,0,0,1548,1.0,0.0,2,0,2,1,Gd,7,Typ,1,TA,Attchd,2004.0,Fin,2.0,388.0,TA,TA,Y,143,20,0,0,0,0,,,,0,9,2006,WD,Normal,198650.82
1214,2675,120,RL,43.0,3010,Pave,,Reg,Lvl,AllPub,Inside,Gtl,Blmngtn,Norm,Norm,TwnhsE,1Story,7,5,2005,2006,Gable,CompShg,VinylSd,VinylSd,BrkFace,14.0,Gd,TA,PConc,Gd,TA,Gd,GLQ,16.0,Unf,0.0,1126.0,1142.0,GasA,Ex,Y,SBrkr,1142,0,0,1142,0.0,0.0,2,0,2,1,Gd,6,Typ,0,,Attchd,2005.0,Fin,2.0,440.0,TA,TA,Y,90,0,0,0,0,0,,,,0,6,2006,New,Partial,173659.475
1215,2676,60,RL,59.0,9171,Pave,,IR1,Lvl,AllPub,Inside,Gtl,Gilbert,Norm,Norm,1Fam,2Story,7,5,2004,2005,Gable,CompShg,VinylSd,VinylSd,,0.0,Gd,TA,PConc,Gd,TA,Av,Unf,0.0,Unf,0.0,848.0,848.0,GasA,Ex,Y,SBrkr,848,750,0,1598,0.0,0.0,2,1,3,1,Gd,7,Typ,1,Gd,Attchd,2004.0,Fin,2.0,433.0,TA,TA,Y,100,48,0,0,0,0,,,,0,7,2006,WD,Normal,191736.61
1216,2677,60,RL,,8658,Pave,,IR1,Lvl,AllPub,Inside,Gtl,Gilbert,Norm,Norm,1Fam,2Story,6,5,2000,2000,Gable,CompShg,VinylSd,VinylSd,,0.0,TA,TA,PConc,Gd,TA,No,ALQ,732.0,Unf,0.0,250.0,982.0,GasA,Ex,Y,SBrkr,1008,881,0,1889,0.0,0.0,2,1,3,1,TA,9,Typ,1,TA,Attchd,2000.0,Fin,2.0,431.0,TA,TA,Y,0,0,0,0,0,0,,,,0,4,2006,WD,Normal,194905.365
1217,2678,60,RL,,12104,Pave,,IR1,Lvl,AllPub,FR3,Gtl,Gilbert,Norm,Norm,1Fam,2Story,7,5,2006,2006,Gable,CompShg,VinylSd,VinylSd,,0.0,Gd,TA,PConc,Gd,TA,No,Unf,0.0,Unf,0.0,1035.0,1035.0,GasA,Gd,Y,SBrkr,1082,1240,0,2322,0.0,0.0,3,1,4,1,Gd,8,Typ,0,,Attchd,2006.0,RFn,3.0,617.0,TA,TA,Y,400,45,0,0,0,0,,,,0,8,2006,New,Partial,248987.12
1218,2679,60,RL,84.0,9660,Pave,,IR1,Lvl,AllPub,Inside,Gtl,NoRidge,Norm,Norm,1Fam,2Story,8,5,1998,1998,Gable,CompShg,VinylSd,VinylSd,BrkFace,242.0,Gd,TA,PConc,Gd,TA,No,GLQ,791.0,Unf,0.0,253.0,1044.0,GasA,Ex,Y,SBrkr,1079,897,0,1976,1.0,0.0,2,1,3,1,Gd,7,Typ,1,Ex,Attchd,1998.0,Fin,3.0,885.0,TA,TA,Y,210,31,0,0,0,0,,,,0,2,2006,WD,Normal,272245.995
1219,2680,60,RL,83.0,9545,Pave,,Reg,Lvl,AllPub,Corner,Gtl,NoRidge,Norm,Norm,1Fam,2Story,8,5,2000,2000,Gable,CompShg,VinylSd,VinylSd,BrkFace,322.0,Gd,TA,PConc,Gd,TA,Mn,GLQ,505.0,Unf,0.0,655.0,1160.0,GasA,Ex,Y,SBrkr,1205,1029,0,2234,1.0,0.0,2,1,3,1,Gd,7,Typ,1,TA,BuiltIn,2000.0,RFn,3.0,768.0,TA,TA,Y,0,50,0,0,0,0,,,,0,6,2006,WD,Normal,275876.725
1220,2681,60,RL,,9233,Pave,,IR1,Lvl,AllPub,Inside,Gtl,NoRidge,Norm,Norm,1Fam,2Story,9,5,2000,2000,Gable,CompShg,VinylSd,VinylSd,BrkFace,877.0,Gd,TA,PConc,Ex,TA,Av,GLQ,1182.0,Unf,0.0,358.0,1540.0,GasA,Ex,Y,SBrkr,1540,1315,0,2855,1.0,0.0,2,1,4,1,Ex,9,Typ,1,TA,Attchd,2000.0,RFn,3.0,774.0,TA,TA,Y,247,55,0,0,0,0,,,,0,3,2006,WD,Normal,351452.725
1221,2682,60,RL,83.0,10019,Pave,,IR1,Lvl,AllPub,Inside,Gtl,NoRidge,Norm,Norm,1Fam,2Story,8,5,1995,1995,Hip,CompShg,VinylSd,VinylSd,BrkFace,397.0,Gd,TA,PConc,Gd,TA,No,ALQ,527.0,Unf,0.0,815.0,1342.0,GasA,Ex,Y,SBrkr,1358,1368,0,2726,0.0,0.0,2,1,4,1,Gd,9,Typ,1,Ex,Attchd,1995.0,RFn,3.0,725.0,TA,TA,Y,307,169,168,0,0,0,,,,0,6,2006,WD,Normal,307190.865
1222,2683,60,RL,114.0,17242,Pave,,IR1,Lvl,AllPub,Inside,Gtl,NoRidge,Norm,Norm,1Fam,2Story,9,5,1993,1994,Hip,CompShg,MetalSd,MetalSd,BrkFace,738.0,Gd,Gd,PConc,Ex,TA,Gd,Rec,292.0,GLQ,1393.0,48.0,1733.0,GasA,Ex,Y,SBrkr,1933,1567,0,3500,1.0,0.0,3,1,4,1,Ex,11,Typ,1,TA,Attchd,1993.0,RFn,3.0,959.0,TA,TA,Y,870,86,0,0,210,0,,,,0,5,2006,WD,Normal,442154.255
1223,2684,60,RL,,10236,Pave,,IR1,Lvl,AllPub,Inside,Gtl,NoRidge,Norm,Norm,1Fam,2Story,8,5,1994,1995,Gable,CompShg,VinylSd,VinylSd,BrkFace,501.0,Gd,TA,PConc,Gd,TA,Gd,GLQ,380.0,BLQ,168.0,742.0,1290.0,GasA,Ex,Y,SBrkr,1305,1189,0,2494,1.0,0.0,2,1,4,1,Gd,9,Typ,1,TA,Attchd,1994.0,Fin,3.0,803.0,TA,TA,Y,200,95,0,0,0,0,,GdPrv,,0,6,2006,WD,Normal,300200.58
1224,2685,60,RL,,12585,Pave,,IR1,Lvl,AllPub,Inside,Gtl,NoRidge,Norm,Norm,1Fam,2Story,8,5,1993,1993,Gable,CompShg,HdBoard,ImStucc,BrkFace,420.0,Gd,TA,PConc,Gd,TA,No,LwQ,247.0,GLQ,1039.0,0.0,1286.0,GasA,Ex,Y,SBrkr,1565,1234,0,2799,1.0,0.0,2,1,3,1,Gd,8,Typ,1,TA,Attchd,1993.0,Fin,3.0,704.0,TA,TA,Y,432,136,0,0,0,0,,,,0,10,2006,WD,Normal,304725.15
1225,2686,60,RL,75.0,12447,Pave,,IR1,Lvl,AllPub,Inside,Gtl,Somerst,RRAn,Norm,1Fam,2Story,8,5,2005,2006,Gable,CompShg,CemntBd,CmentBd,Stone,192.0,Gd,TA,PConc,Gd,Gd,No,Unf,0.0,Unf,0.0,1100.0,1100.0,GasA,Ex,Y,SBrkr,1116,848,0,1964,0.0,0.0,2,1,3,1,Gd,8,Typ,1,Gd,BuiltIn,2005.0,Fin,2.0,760.0,TA,TA,Y,200,70,0,0,0,0,,,,0,1,2006,New,Partial,255821.205
1226,2687,20,RL,49.0,15218,Pave,,IR1,Lvl,AllPub,CulDSac,Gtl,Somerst,RRAn,Norm,1Fam,1Story,8,5,2006,2006,Gable,CompShg,VinylSd,VinylSd,,,Gd,TA,PConc,Ex,Gd,No,GLQ,1562.0,Unf,0.0,108.0,1670.0,GasA,Ex,Y,SBrkr,1670,0,0,1670,1.0,0.0,2,1,2,1,Gd,6,Typ,1,Gd,Attchd,2006.0,RFn,3.0,928.0,TA,TA,Y,0,240,200,0,0,0,,,,0,9,2006,New,Partial,302107.325
1227,2688,20,RL,85.0,10936,Pave,,Reg,Lvl,AllPub,Corner,Gtl,Somerst,Feedr,Norm,1Fam,1Story,8,5,2006,2006,Gable,CompShg,VinylSd,VinylSd,BrkFace,60.0,Gd,TA,PConc,Gd,TA,No,Unf,0.0,Unf,0.0,1504.0,1504.0,GasA,Ex,Y,SBrkr,1504,0,0,1504,0.0,0.0,2,0,3,1,Gd,7,Typ,0,,Attchd,2006.0,Fin,2.0,510.0,TA,TA,Y,144,0,0,0,0,0,,,,0,9,2006,New,Partial,224536.985
1228,2689,20,FV,72.0,8640,Pave,,Reg,Lvl,AllPub,Inside,Gtl,Somerst,Norm,Norm,1Fam,1Story,8,5,2006,2006,Gable,CompShg,VinylSd,VinylSd,,0.0,Gd,TA,PConc,Gd,TA,No,GLQ,24.0,Unf,0.0,1254.0,1278.0,GasA,Ex,Y,SBrkr,1278,0,0,1278,0.0,0.0,2,0,2,1,Gd,5,Typ,0,,Attchd,2006.0,RFn,2.0,584.0,TA,TA,Y,0,60,0,0,0,0,,,,0,10,2006,New,Partial,209440.395
1229,2690,60,FV,100.0,13162,Pave,,Reg,Lvl,AllPub,Corner,Gtl,Somerst,Feedr,Norm,1Fam,2Story,9,5,2006,2006,Gable,CompShg,VinylSd,VinylSd,,0.0,Gd,TA,PConc,Ex,TA,No,GLQ,1836.0,Unf,0.0,200.0,2036.0,GasA,Ex,Y,SBrkr,2036,604,0,2640,1.0,0.0,3,1,3,1,Ex,11,Typ,1,Gd,Attchd,2006.0,RFn,3.0,792.0,TA,TA,Y,0,265,0,0,0,0,,,,0,11,2006,New,Partial,361567.885
1230,2691,60,FV,65.0,8125,Pave,,Reg,Lvl,AllPub,Inside,Gtl,Somerst,Norm,Norm,1Fam,2Story,6,5,2005,2005,Gable,CompShg,VinylSd,VinylSd,,0.0,Gd,TA,PConc,Gd,TA,No,Unf,0.0,Unf,0.0,858.0,858.0,GasA,Ex,Y,SBrkr,858,858,0,1716,0.0,0.0,2,1,3,1,Gd,7,Typ,0,,Attchd,2005.0,RFn,2.0,615.0,TA,TA,Y,0,53,0,0,0,0,,,,0,2,2006,WD,Normal,196798.14
1231,2692,20,RL,74.0,7733,Pave,,IR1,Lvl,AllPub,Inside,Gtl,SawyerW,Norm,Norm,1Fam,1Story,6,5,2005,2005,Gable,CompShg,VinylSd,VinylSd,,0.0,TA,TA,PConc,TA,TA,Mn,GLQ,24.0,Unf,0.0,1118.0,1142.0,GasA,Ex,Y,SBrkr,1142,0,0,1142,0.0,0.0,1,1,3,1,Gd,5,Typ,0,,,,,0.0,0.0,,,Y,4,50,0,0,0,0,,,,0,1,2006,WD,Normal,135905.535
1232,2693,20,RL,91.0,11024,Pave,,IR1,Lvl,AllPub,Corner,Gtl,SawyerW,Norm,Norm,1Fam,1Story,7,5,2005,2006,Gable,CompShg,VinylSd,VinylSd,BrkFace,118.0,Gd,TA,PConc,Gd,TA,Av,Unf,0.0,Unf,0.0,1400.0,1400.0,GasA,Ex,Y,SBrkr,1400,0,0,1400,0.0,0.0,2,0,3,1,Gd,6,Typ,0,,Attchd,2005.0,RFn,2.0,612.0,TA,TA,Y,144,55,0,0,0,0,,,,0,10,2006,New,Partial,201591.085
1233,2694,20,RL,63.0,13072,Pave,,Reg,Lvl,AllPub,Inside,Gtl,SawyerW,RRAe,Norm,1Fam,1Story,6,5,2005,2006,Gable,CompShg,VinylSd,VinylSd,,0.0,TA,TA,PConc,Gd,TA,No,Unf,0.0,Unf,0.0,1131.0,1131.0,GasA,Ex,Y,SBrkr,1131,0,0,1131,0.0,0.0,1,1,3,1,Gd,6,Typ,0,,,,,0.0,0.0,,,Y,0,39,0,0,0,0,,,,0,3,2006,New,Partial,136767.18
1234,2695,60,RL,65.0,7800,Pave,,Reg,Lvl,AllPub,Inside,Gtl,SawyerW,Norm,Norm,1Fam,2Story,7,5,2005,2005,Gable,CompShg,VinylSd,VinylSd,BrkFace,172.0,Gd,TA,PConc,Gd,TA,No,Unf,0.0,Unf,0.0,891.0,891.0,GasA,Ex,Y,SBrkr,891,795,0,1686,0.0,0.0,2,1,3,1,Gd,8,Typ,0,,Attchd,2005.0,Fin,2.0,462.0,TA,TA,Y,144,101,0,0,0,0,,,,0,4,2006,WD,Normal,194310.91
1235,2696,60,RL,74.0,7632,Pave,,IR1,Lvl,AllPub,Inside,Gtl,SawyerW,Norm,Norm,1Fam,2Story,7,5,2005,2005,Gable,CompShg,VinylSd,VinylSd,BrkFace,96.0,Gd,TA,PConc,Gd,TA,No,Unf,0.0,Unf,0.0,784.0,784.0,GasA,Ex,Y,SBrkr,831,754,0,1585,0.0,0.0,2,1,3,1,Gd,7,Typ,0,,Attchd,2005.0,RFn,2.0,449.0,TA,TA,Y,100,77,0,0,0,0,,,,0,3,2006,WD,Normal,186868.63
1236,2697,60,RL,70.0,8304,Pave,,IR1,Lvl,AllPub,Inside,Gtl,SawyerW,Norm,Norm,1Fam,2Story,6,5,1997,1998,Gable,CompShg,VinylSd,VinylSd,,0.0,TA,TA,PConc,Gd,TA,No,Unf,0.0,Unf,0.0,941.0,941.0,GasA,Ex,Y,SBrkr,941,896,0,1837,0.0,0.0,2,1,3,1,TA,7,Typ,0,,Attchd,1997.0,RFn,2.0,688.0,TA,TA,Y,150,165,0,0,0,0,,GdPrv,,0,7,2006,WD,Normal,196800.345
1237,2698,60,RL,70.0,9370,Pave,,IR2,Lvl,AllPub,Inside,Gtl,SawyerW,Norm,Norm,1Fam,2Story,6,5,1992,1993,Gable,CompShg,HdBoard,HdBoard,,0.0,Gd,TA,PConc,Gd,TA,No,ALQ,758.0,Unf,0.0,78.0,836.0,GasA,Ex,Y,SBrkr,844,887,0,1731,1.0,0.0,2,1,3,1,Gd,7,Typ,0,,Attchd,1992.0,RFn,2.0,462.0,TA,TA,Y,307,85,0,0,224,0,,,Othr,3000,10,2006,WD,Family,198118.205
1238,2699,120,RL,50.0,7175,Pave,,Reg,Lvl,AllPub,Inside,Gtl,SawyerW,Norm,Norm,TwnhsE,1Story,6,5,1990,1991,Gable,CompShg,Plywood,Plywood,,0.0,Gd,TA,PConc,Gd,TA,No,GLQ,904.0,Unf,0.0,494.0,1398.0,GasA,Gd,Y,SBrkr,1398,0,0,1398,1.0,0.0,2,0,2,1,Gd,5,Typ,0,,Attchd,1990.0,RFn,2.0,542.0,TA,TA,Y,0,46,0,0,0,0,,MnPrv,,0,7,2006,WD,Normal,188433.84
1239,2700,120,RL,50.0,7175,Pave,,Reg,Lvl,AllPub,Inside,Gtl,SawyerW,Norm,Norm,TwnhsE,1Story,6,5,1991,1991,Gable,CompShg,Plywood,Plywood,,0.0,Gd,TA,PConc,Gd,TA,No,GLQ,278.0,Unf,0.0,939.0,1217.0,GasA,Gd,Y,SBrkr,1217,0,0,1217,0.0,0.0,2,0,2,1,Gd,5,Typ,0,,Attchd,1991.0,RFn,2.0,484.0,TA,TA,Y,0,64,0,0,0,0,,,,0,6,2006,WD,Normal,179009.345
1240,2701,60,RL,,9019,Pave,,IR1,Lvl,AllPub,Inside,Gtl,SawyerW,RRAe,Norm,1Fam,2Story,6,5,1994,1994,Gable,CompShg,VinylSd,VinylSd,,0.0,TA,TA,PConc,Gd,TA,No,ALQ,274.0,Unf,0.0,362.0,636.0,GasA,Ex,Y,SBrkr,636,684,0,1320,0.0,0.0,2,1,3,1,Gd,6,Typ,0,,Attchd,1994.0,Fin,2.0,472.0,TA,TA,Y,0,40,0,0,0,0,,,,0,7,2006,WD,Normal,169997.87
1241,2702,20,RL,70.0,9100,Pave,,Reg,Lvl,AllPub,Inside,Gtl,Sawyer,RRAe,Norm,1Fam,1Story,5,4,1962,1962,Hip,CompShg,Wd Sdng,Wd Sdng,BrkFace,51.0,TA,TA,CBlock,TA,TA,No,LwQ,36.0,Unf,0.0,952.0,988.0,GasA,Ex,Y,SBrkr,988,0,0,988,1.0,0.0,1,0,3,1,TA,6,Typ,0,,Detchd,1977.0,Unf,2.0,624.0,TA,TA,Y,0,0,0,0,0,0,,,,0,7,2006,WD,Normal,128636.525
1242,2703,90,RM,68.0,8927,Pave,,Reg,Lvl,AllPub,Inside,Gtl,Sawyer,RRAe,Norm,Duplex,1.5Fin,6,6,1977,1977,Gable,CompShg,VinylSd,VinylSd,,0.0,TA,Gd,CBlock,,,,,0.0,,0.0,0.0,0.0,GasA,TA,Y,SBrkr,1286,368,0,1654,0.0,0.0,2,0,4,2,TA,10,Typ,0,,Attchd,1977.0,RFn,2.0,528.0,TA,TA,Y,0,0,0,0,0,0,,,,0,8,2006,WD,Normal,138208.2
1243,2704,20,RL,,9240,Pave,,IR1,Lvl,AllPub,Inside,Gtl,Sawyer,Norm,Norm,1Fam,1Story,5,6,1962,2002,Hip,CompShg,HdBoard,HdBoard,,0.0,TA,TA,CBlock,TA,TA,No,BLQ,612.0,Unf,0.0,252.0,864.0,GasA,Gd,Y,SBrkr,1211,0,0,1211,0.0,0.0,1,0,2,1,TA,6,Min1,1,TA,Detchd,1972.0,Unf,2.0,576.0,TA,TA,Y,161,0,0,0,0,0,,MnPrv,,0,3,2006,WD,Normal,144877.62
1244,2705,20,RL,,9308,Pave,,IR1,Lvl,AllPub,CulDSac,Gtl,Sawyer,RRNe,Norm,1Fam,1Story,5,5,1965,1965,Gable,CompShg,HdBoard,HdBoard,,0.0,TA,TA,CBlock,TA,TA,No,Rec,554.0,Unf,0.0,430.0,984.0,GasA,TA,Y,SBrkr,984,0,0,984,0.0,0.0,1,0,3,1,TA,5,Typ,0,,Attchd,1965.0,Unf,1.0,310.0,TA,TA,Y,0,0,0,0,0,0,,MnPrv,,0,7,2006,WD,Normal,129731.665
1245,2706,20,RL,65.0,8450,Pave,,Reg,Lvl,AllPub,Inside,Gtl,Sawyer,RRAe,Norm,1Fam,1Story,5,6,1968,1968,Gable,CompShg,Plywood,Plywood,BrkFace,90.0,TA,TA,CBlock,TA,TA,No,BLQ,162.0,Rec,270.0,450.0,882.0,GasA,TA,Y,SBrkr,909,0,0,909,0.0,0.0,1,0,3,1,TA,5,Typ,0,,Attchd,1968.0,Unf,1.0,294.0,TA,TA,Y,0,155,0,0,0,0,,MnPrv,,0,11,2006,COD,Normal,124446.495
1246,2707,20,RL,,8638,Pave,,IR1,Lvl,AllPub,Inside,Gtl,Sawyer,RRAe,Norm,1Fam,1Story,5,6,1963,1963,Gable,CompShg,HdBoard,HdBoard,,0.0,TA,TA,PConc,TA,TA,No,ALQ,181.0,Unf,0.0,744.0,925.0,GasA,Gd,Y,SBrkr,925,0,0,925,1.0,0.0,1,0,2,1,TA,5,Typ,0,,Detchd,1990.0,Unf,2.0,484.0,TA,TA,Y,203,74,0,0,0,0,,,,0,10,2006,WD,Normal,131682.66
1247,2708,20,RL,,13052,Pave,,IR1,Lvl,AllPub,CulDSac,Gtl,Sawyer,Norm,Norm,1Fam,1Story,5,6,1965,1965,Gable,CompShg,HdBoard,HdBoard,,0.0,TA,TA,CBlock,TA,TA,No,Rec,712.0,Unf,0.0,312.0,1024.0,GasA,TA,Y,SBrkr,1024,0,0,1024,0.0,0.0,1,1,3,1,TA,5,Typ,0,,Attchd,1965.0,Unf,1.0,308.0,TA,TA,Y,0,0,0,0,0,0,,MnPrv,,0,1,2006,WD,Normal,134607.17
1248,2709,20,RL,,8020,Pave,,IR1,Lvl,AllPub,Inside,Gtl,Sawyer,Norm,Norm,1Fam,1Story,5,6,1964,1964,Gable,CompShg,HdBoard,HdBoard,,0.0,TA,TA,CBlock,TA,TA,No,ALQ,644.0,Unf,0.0,268.0,912.0,GasA,TA,N,SBrkr,912,0,0,912,0.0,0.0,1,0,3,1,TA,6,Typ,0,,,,,0.0,0.0,,,Y,0,0,0,0,0,0,,GdWo,,0,4,2006,WD,Normal,100193.375
1249,2710,20,RL,,8789,Pave,,IR1,Lvl,AllPub,Inside,Gtl,Sawyer,Norm,Norm,1Fam,1Story,5,6,1967,1967,Gable,CompShg,VinylSd,VinylSd,,0.0,TA,TA,CBlock,TA,TA,Mn,Rec,659.0,Unf,0.0,253.0,912.0,GasA,TA,Y,SBrkr,941,0,0,941,0.0,0.0,1,0,3,1,TA,6,Typ,1,Po,Attchd,1967.0,Unf,1.0,288.0,TA,TA,Y,64,0,0,0,0,0,,,,0,6,2006,WD,Normal,131418.415
1250,2711,80,RL,100.0,14330,Pave,,IR1,Low,AllPub,Corner,Gtl,Veenker,Norm,Norm,1Fam,SLvl,7,4,1974,1974,Gable,CompShg,WdShing,Wd Sdng,BrkFace,145.0,Gd,Fa,CBlock,Gd,TA,Gd,ALQ,1023.0,BLQ,497.0,228.0,1748.0,GasA,Gd,Y,SBrkr,2151,495,0,2646,1.0,2.0,2,0,3,1,Gd,9,Mod,4,TA,Attchd,1974.0,RFn,2.0,550.0,TA,TA,Y,641,100,0,0,0,800,Gd,GdPrv,,0,1,2006,WD,Normal,268116.585
1251,2712,60,RL,105.0,11025,Pave,,Reg,HLS,AllPub,Inside,Mod,NoRidge,Norm,Norm,1Fam,2Story,8,5,1992,1993,Gable,CompShg,HdBoard,ImStucc,BrkFace,692.0,Gd,TA,PConc,Ex,TA,Gd,GLQ,1118.0,Unf,0.0,216.0,1334.0,GasA,Ex,Y,SBrkr,1520,1306,0,2826,1.0,0.0,2,1,3,1,Gd,9,Typ,3,TA,Attchd,1992.0,RFn,3.0,888.0,TA,TA,Y,177,208,186,0,0,0,,,,0,10,2006,WD,Normal,329634.58
1252,2713,120,FV,34.0,3628,Pave,Pave,Reg,Lvl,AllPub,Inside,Gtl,Somerst,Norm,Norm,TwnhsE,1Story,7,5,2004,2004,Gable,CompShg,MetalSd,MetalSd,,0.0,Gd,TA,PConc,Gd,TA,No,Unf,0.0,Unf,0.0,1143.0,1143.0,GasA,Ex,Y,SBrkr,1143,0,0,1143,0.0,0.0,1,1,1,1,Gd,5,Typ,1,Gd,Attchd,2004.0,RFn,2.0,588.0,TA,TA,Y,0,191,0,0,0,0,,,,0,5,2006,WD,Normal,183891.09
1253,2714,160,FV,24.0,2544,Pave,Pave,Reg,Lvl,AllPub,Inside,Gtl,Somerst,Norm,Norm,Twnhs,2Story,7,5,2005,2005,Gable,CompShg,MetalSd,MetalSd,,0.0,Gd,TA,PConc,Gd,TA,No,Unf,0.0,Unf,0.0,600.0,600.0,GasA,Ex,Y,SBrkr,520,623,80,1223,0.0,0.0,2,1,2,1,Gd,4,Typ,0,,Detchd,2005.0,RFn,2.0,480.0,TA,TA,Y,0,166,0,0,0,0,,,,0,7,2006,WD,Normal,150890.62
1254,2715,160,FV,,2998,Pave,,Reg,Lvl,AllPub,Inside,Gtl,Somerst,Norm,Norm,TwnhsE,2Story,6,5,2000,2000,Gable,CompShg,MetalSd,MetalSd,BrkFace,513.0,Gd,TA,PConc,Gd,TA,No,GLQ,353.0,Unf,0.0,403.0,756.0,GasA,Ex,Y,SBrkr,768,756,0,1524,0.0,0.0,2,1,2,1,Gd,4,Typ,0,,Detchd,2000.0,Unf,2.0,440.0,TA,TA,Y,0,32,0,0,0,0,,,,0,6,2006,WD,Normal,170903.165
1255,2716,160,FV,,4447,Pave,,IR1,Lvl,AllPub,FR2,Gtl,Somerst,Norm,Norm,TwnhsE,2Story,7,5,2003,2003,Gable,CompShg,VinylSd,VinylSd,,0.0,Gd,TA,PConc,Gd,TA,No,Unf,0.0,Unf,0.0,530.0,530.0,GasA,Ex,Y,SBrkr,530,550,0,1080,0.0,0.0,2,1,2,1,Gd,4,Typ,0,,Attchd,2003.0,RFn,2.0,496.0,TA,TA,Y,0,50,0,0,0,0,,,,0,7,2006,WD,Normal,165450.47
1256,2717,60,FV,114.0,8314,Pave,Pave,IR1,Lvl,AllPub,Corner,Gtl,Somerst,Norm,Norm,1Fam,2Story,7,5,1997,1998,Hip,CompShg,Wd Sdng,Wd Sdng,,0.0,Gd,TA,PConc,Gd,TA,No,Unf,0.0,Unf,0.0,569.0,569.0,GasA,Ex,Y,SBrkr,854,840,0,1694,0.0,0.0,2,1,3,1,Gd,6,Typ,1,TA,BuiltIn,1997.0,Unf,1.0,434.0,TA,TA,Y,0,382,0,0,110,0,,GdPrv,,0,11,2006,WD,Normal,193181.2
1257,2718,20,FV,60.0,7180,Pave,Pave,IR1,Lvl,AllPub,Inside,Gtl,Somerst,Norm,Norm,1Fam,1Story,8,5,2001,2002,Gable,CompShg,CemntBd,CmentBd,,0.0,Gd,TA,PConc,Gd,TA,No,Unf,0.0,Unf,0.0,1568.0,1568.0,GasA,Ex,Y,SBrkr,1568,0,0,1568,0.0,0.0,2,0,3,1,Gd,6,Typ,1,TA,Attchd,2001.0,RFn,2.0,564.0,TA,TA,Y,0,266,0,0,0,0,,,,0,9,2006,WD,Normal,235057.045
1258,2719,190,RL,79.0,13110,Pave,,IR1,Lvl,AllPub,Corner,Gtl,NWAmes,RRAn,Feedr,2fmCon,1Story,5,6,1972,1972,Gable,CompShg,Plywood,Plywood,BrkFace,144.0,TA,TA,CBlock,Gd,TA,No,GLQ,962.0,Unf,0.0,191.0,1153.0,GasA,Ex,Y,SBrkr,1193,0,0,1193,1.0,0.0,2,0,2,1,TA,6,Typ,0,,Attchd,1972.0,Fin,2.0,501.0,TA,TA,Y,140,153,0,0,0,0,,MnPrv,,0,7,2006,WD,Normal,162142.645
1259,2720,20,RL,78.0,10140,Pave,,Reg,Lvl,AllPub,Inside,Gtl,NWAmes,RRAn,Norm,1Fam,1Story,7,6,1967,1967,Hip,CompShg,HdBoard,HdBoard,BrkFace,264.0,TA,TA,CBlock,TA,TA,No,BLQ,553.0,LwQ,68.0,713.0,1334.0,GasA,Gd,Y,SBrkr,1334,0,0,1334,1.0,0.0,2,0,3,1,TA,7,Typ,0,,Attchd,1967.0,RFn,2.0,477.0,TA,TA,Y,0,20,35,0,264,0,,,,0,4,2006,WD,Normal,157829.275
1260,2721,20,RL,80.0,9600,Pave,,Reg,Lvl,AllPub,Corner,Gtl,NAmes,Feedr,Norm,1Fam,1Story,5,5,1968,1968,Gable,CompShg,MetalSd,MetalSd,,0.0,TA,TA,CBlock,TA,TA,No,ALQ,758.0,Unf,0.0,293.0,1051.0,GasA,Gd,Y,SBrkr,1051,0,0,1051,1.0,0.0,1,0,3,1,TA,6,Typ,0,,Attchd,1968.0,RFn,2.0,504.0,TA,TA,Y,0,0,0,0,0,0,,,,0,7,2006,WD,Normal,141045.75
1261,2722,60,RL,72.0,8640,Pave,,Reg,Lvl,AllPub,Inside,Gtl,NAmes,Feedr,Norm,1Fam,2Story,5,5,1968,1968,Gable,CompShg,HdBoard,HdBoard,BrkFace,300.0,TA,TA,CBlock,Gd,Fa,Mn,ALQ,361.0,Rec,483.0,56.0,900.0,GasA,Ex,Y,SBrkr,884,886,0,1770,1.0,0.0,1,1,4,1,TA,7,Typ,0,,Attchd,1968.0,RFn,2.0,530.0,TA,TA,Y,0,60,0,0,270,0,,,Shed,455,6,2006,WD,Normal,162877.985
1262,2723,20,RL,78.0,9360,Pave,,Reg,Lvl,AllPub,Inside,Gtl,NAmes,Feedr,Norm,1Fam,1Story,6,7,1968,2004,Hip,CompShg,HdBoard,HdBoard,BrkFace,203.0,TA,TA,CBlock,TA,TA,Av,ALQ,760.0,Unf,0.0,216.0,976.0,GasA,TA,Y,SBrkr,976,0,0,976,1.0,0.0,1,0,2,1,Gd,4,Typ,1,Fa,Attchd,1968.0,RFn,2.0,504.0,TA,TA,Y,94,0,0,0,0,0,,,,0,8,2006,WD,Abnorml,150301.86
1263,2724,85,RL,70.0,8400,Pave,,Reg,Lvl,AllPub,Inside,Gtl,NAmes,Feedr,Norm,1Fam,SFoyer,5,6,1968,1968,Gable,CompShg,HdBoard,HdBoard,,0.0,TA,TA,CBlock,Gd,TA,Gd,GLQ,744.0,Unf,0.0,89.0,833.0,GasA,Gd,Y,SBrkr,898,0,0,898,1.0,0.0,1,0,3,1,TA,6,Typ,0,,Attchd,1968.0,RFn,1.0,326.0,TA,TA,Y,143,0,0,0,0,0,,,,0,8,2006,WD,Normal,135678.05
1264,2725,20,RL,,9759,Pave,,IR1,Lvl,AllPub,Inside,Gtl,NAmes,Norm,Norm,1Fam,1Story,5,5,1966,1966,Gable,CompShg,Plywood,Plywood,,0.0,TA,TA,CBlock,TA,TA,No,BLQ,799.0,Unf,0.0,252.0,1051.0,GasA,TA,Y,SBrkr,1051,0,0,1051,1.0,0.0,1,0,3,1,TA,6,Typ,0,,Attchd,1966.0,RFn,1.0,264.0,TA,TA,Y,182,88,0,0,0,0,,,,0,3,2006,WD,Normal,135482.165
1265,2726,80,RL,80.0,9600,Pave,,Reg,Lvl,AllPub,Inside,Gtl,NAmes,Norm,Norm,1Fam,SLvl,5,7,1967,1967,Gable,CompShg,MetalSd,MetalSd,BrkFace,140.0,TA,TA,PConc,TA,TA,Av,ALQ,602.0,Rec,402.0,137.0,1141.0,GasA,Gd,Y,SBrkr,1141,0,0,1141,1.0,0.0,1,0,3,1,TA,6,Typ,0,,Attchd,1967.0,Unf,1.0,568.0,TA,TA,Y,0,78,0,0,0,0,,,,0,7,2006,WD,Normal,144303.125
1266,2727,190,RL,80.0,8800,Pave,,Reg,Lvl,AllPub,Inside,Gtl,NAmes,RRAn,Norm,2fmCon,1Story,6,7,1965,2000,Hip,CompShg,BrkFace,VinylSd,,0.0,TA,Gd,PConc,TA,TA,Mn,ALQ,901.0,BLQ,252.0,34.0,1187.0,GasA,Ex,Y,SBrkr,1565,0,0,1565,1.0,0.0,2,0,3,1,Gd,7,Min1,2,TA,Attchd,1965.0,RFn,1.0,299.0,TA,TA,Y,200,25,211,0,0,0,,MnPrv,Shed,460,6,2006,WD,Abnorml,178545.385
1267,2728,20,RL,,10368,Pave,,IR1,Lvl,AllPub,CulDSac,Gtl,NAmes,Norm,Norm,1Fam,1Story,6,6,1964,1964,Hip,CompShg,HdBoard,HdBoard,BrkFace,112.0,TA,TA,CBlock,TA,TA,No,ALQ,260.0,LwQ,748.0,0.0,1008.0,GasA,Ex,Y,SBrkr,1488,0,0,1488,1.0,0.0,1,1,3,1,TA,7,Typ,1,Gd,Attchd,1964.0,Fin,2.0,430.0,TA,TA,Y,154,60,0,0,0,0,,,,0,4,2006,WD,Normal,168532.75
1268,2729,60,RL,85.0,9350,Pave,,Reg,Lvl,AllPub,Inside,Gtl,NAmes,Norm,Norm,1Fam,2Story,5,6,1964,1964,Gable,CompShg,HdBoard,HdBoard,,0.0,TA,TA,CBlock,TA,TA,No,ALQ,360.0,Unf,0.0,360.0,720.0,GasA,Gd,Y,SBrkr,720,720,0,1440,0.0,0.0,1,1,4,1,TA,7,Typ,1,Po,Attchd,1964.0,Fin,2.0,480.0,TA,TA,Y,0,32,240,0,0,0,,,,0,7,2006,WD,Normal,155681.14
1269,2730,20,RL,80.0,10800,Pave,,Reg,Lvl,AllPub,Inside,Gtl,NAmes,Norm,Norm,1Fam,1Story,5,7,1960,1960,Hip,CompShg,Wd Sdng,Wd Sdng,BrkFace,88.0,TA,TA,CBlock,TA,TA,No,ALQ,632.0,Unf,0.0,616.0,1248.0,GasA,Ex,Y,SBrkr,1248,0,0,1248,1.0,0.0,1,0,3,1,TA,6,Typ,0,,Attchd,1960.0,Unf,1.0,286.0,TA,TA,Y,0,0,0,0,0,0,,MnPrv,,0,5,2006,WD,Normal,140894.45
1270,2731,30,RL,60.0,8550,Pave,,Reg,Lvl,AllPub,Inside,Gtl,NAmes,Norm,Norm,1Fam,1Story,6,8,1934,1950,Gable,CompShg,MetalSd,MetalSd,,0.0,TA,TA,CBlock,TA,TA,No,BLQ,574.0,Unf,0.0,242.0,816.0,GasA,Ex,Y,SBrkr,816,0,0,816,1.0,0.0,1,0,2,1,TA,4,Typ,1,Fa,Attchd,1949.0,Unf,1.0,240.0,TA,TA,Y,228,0,40,0,0,0,,MnPrv,,0,7,2006,WD,Normal,124068.125
1271,2732,20,RL,68.0,9724,Pave,,Reg,Lvl,AllPub,Inside,Gtl,NAmes,Norm,Norm,1Fam,1Story,5,7,1947,1950,Hip,CompShg,BrkFace,BrkFace,,0.0,TA,TA,CBlock,TA,TA,No,Unf,0.0,Unf,0.0,938.0,938.0,GasA,Ex,Y,SBrkr,1043,0,0,1043,0.0,0.0,1,0,2,1,TA,5,Typ,1,Gd,Detchd,1947.0,Unf,1.0,273.0,TA,TA,Y,125,48,0,0,0,0,,GdWo,,0,5,2006,WD,Normal,126987.5
1272,2733,20,RL,80.0,9600,Pave,,Reg,Lvl,AllPub,Inside,Gtl,NAmes,Norm,Norm,1Fam,1Story,5,6,1961,1990,Gable,CompShg,WdShing,Wd Shng,,0.0,TA,TA,CBlock,TA,TA,Mn,BLQ,915.0,Unf,0.0,336.0,1251.0,GasA,TA,Y,SBrkr,1433,0,0,1433,1.0,0.0,1,0,3,1,TA,7,Min1,1,Gd,Attchd,1961.0,Unf,2.0,441.0,TA,TA,Y,144,0,205,0,0,0,,,,0,6,2006,WD,Normal,160752.985
1273,2734,20,RL,89.0,10858,Pave,,Reg,Lvl,AllPub,Corner,Gtl,NAmes,Feedr,Norm,1Fam,1Story,5,6,1952,1952,Gable,CompShg,Wd Sdng,Plywood,Stone,150.0,TA,Gd,CBlock,TA,TA,Mn,LwQ,40.0,Unf,0.0,1404.0,1444.0,GasA,Ex,Y,SBrkr,1624,0,0,1624,1.0,0.0,1,0,2,1,TA,6,Min1,1,Gd,Attchd,1952.0,RFn,1.0,240.0,TA,TA,Y,0,40,324,0,0,0,,MnPrv,,0,7,2006,WD,Partial,156837.565
1274,2735,20,RL,80.0,9600,Pave,,Reg,Lvl,AllPub,Inside,Gtl,NAmes,Norm,Norm,1Fam,1Story,5,5,1951,1951,Gable,CompShg,HdBoard,HdBoard,Stone,144.0,TA,TA,CBlock,TA,TA,No,ALQ,996.0,Unf,0.0,60.0,1056.0,GasA,Ex,Y,FuseA,1216,0,0,1216,1.0,0.0,1,0,3,1,TA,7,Typ,0,,Attchd,1951.0,RFn,1.0,280.0,TA,TA,Y,0,0,0,0,0,0,,,,0,5,2006,WD,Normal,134124.25
1275,2736,60,RL,79.0,9462,Pave,,Reg,Lvl,AllPub,Inside,Gtl,NAmes,Norm,Norm,1Fam,2Story,5,6,1949,1973,Gable,CompShg,Wd Sdng,Wd Sdng,,0.0,TA,TA,CBlock,TA,TA,No,Unf,0.0,Unf,0.0,704.0,704.0,GasA,Gd,Y,FuseA,1024,704,0,1728,0.0,0.0,1,1,3,1,TA,7,Min1,1,Gd,Attchd,1949.0,Unf,1.0,234.0,TA,TA,Y,245,60,0,0,0,0,,MnPrv,,0,7,2006,WD,Normal,150592.855
1276,2737,20,RL,82.0,9888,Pave,,Reg,Lvl,AllPub,Inside,Gtl,NAmes,Norm,Norm,1Fam,1Story,5,6,1954,1975,Gable,CompShg,MetalSd,MetalSd,,0.0,TA,Gd,CBlock,TA,TA,No,BLQ,486.0,Unf,0.0,450.0,936.0,GasA,TA,Y,FuseA,936,0,0,936,0.0,0.0,1,0,2,1,TA,5,Typ,0,,Attchd,1954.0,Unf,1.0,240.0,TA,TA,Y,0,0,160,0,0,0,,MnPrv,,0,3,2006,WD,Normal,122387.02
1277,2738,90,RL,,8917,Pave,,IR1,Lvl,AllPub,Inside,Gtl,NAmes,Norm,Norm,Duplex,1Story,5,5,1967,1967,Gable,CompShg,Plywood,Plywood,,0.0,TA,TA,CBlock,TA,TA,No,Unf,0.0,Unf,0.0,1584.0,1584.0,GasA,TA,Y,SBrkr,1584,0,0,1584,0.0,0.0,2,0,4,2,TA,8,Typ,0,,Detchd,1967.0,Unf,2.0,506.0,TA,TA,Y,0,0,0,0,0,0,,,,0,10,2006,WD,Normal,136211.925
1278,2739,80,RL,,12700,Pave,,IR1,Lvl,AllPub,Inside,Gtl,NAmes,Norm,Norm,1Fam,SLvl,6,5,1964,1964,Gable,CompShg,HdBoard,HdBoard,,0.0,TA,TA,CBlock,TA,TA,No,ALQ,939.0,Unf,0.0,307.0,1246.0,GasA,TA,Y,SBrkr,1246,0,0,1246,1.0,0.0,1,0,3,1,TA,6,Typ,2,Gd,Attchd,1964.0,RFn,2.0,441.0,TA,TA,Y,0,69,0,0,0,0,,,,0,11,2006,WD,Normal,161208.25
1279,2740,20,RL,109.0,9723,Pave,,IR1,Lvl,AllPub,Corner,Gtl,NAmes,Norm,Norm,1Fam,1Story,6,7,1963,1963,Hip,CompShg,MetalSd,MetalSd,BrkFace,332.0,TA,TA,CBlock,TA,TA,No,Unf,0.0,Unf,0.0,1008.0,1008.0,GasA,TA,Y,SBrkr,1008,0,0,1008,0.0,0.0,1,0,2,1,TA,5,Typ,0,,Attchd,1963.0,RFn,2.0,430.0,TA,TA,Y,0,0,0,0,0,0,,,,0,10,2006,WD,Normal,143792.5
1280,2741,20,RL,70.0,8400,Pave,,Reg,Lvl,AllPub,Corner,Gtl,NAmes,Feedr,Norm,1Fam,1Story,5,5,1957,1957,Gable,CompShg,BrkFace,BrkFace,,0.0,TA,TA,CBlock,Fa,TA,Mn,BLQ,623.0,Unf,0.0,556.0,1179.0,GasA,Gd,Y,SBrkr,1364,0,0,1364,0.0,0.0,1,1,3,1,TA,6,Typ,1,Gd,Attchd,1957.0,RFn,1.0,331.0,TA,TA,Y,0,60,0,0,0,0,,GdPrv,,0,3,2006,WD,Normal,148581.775
1281,2742,20,RL,,9610,Pave,,IR1,Lvl,AllPub,Corner,Gtl,NAmes,Feedr,Norm,1Fam,1Story,6,6,1958,1958,Hip,CompShg,Wd Sdng,Wd Sdng,BrkFace,632.0,TA,TA,CBlock,TA,TA,No,Rec,203.0,Unf,0.0,918.0,1121.0,GasA,Ex,Y,FuseA,1336,0,0,1336,0.0,0.0,1,1,3,1,TA,7,Typ,1,TA,Attchd,1958.0,RFn,2.0,488.0,TA,TA,Y,80,0,0,0,0,0,,,,0,12,2006,WD,Normal,156642.775
1282,2743,80,RL,125.0,10000,Pave,,Reg,Lvl,AllPub,Corner,Gtl,NAmes,Norm,Norm,1Fam,SLvl,5,6,1956,1956,Hip,CompShg,Wd Sdng,Wd Sdng,BrkFace,272.0,TA,TA,CBlock,TA,TA,Av,BLQ,678.0,Rec,281.0,99.0,1058.0,GasA,Ex,Y,SBrkr,1370,0,0,1370,1.0,0.0,1,0,3,1,TA,6,Typ,1,TA,Basment,1956.0,RFn,1.0,300.0,TA,TA,Y,191,0,0,0,120,0,,MnPrv,,0,2,2006,WD,Normal,153091.25
1283,2744,20,RL,72.0,10152,Pave,,Reg,Lvl,AllPub,Inside,Gtl,NAmes,Norm,Norm,1Fam,1Story,6,6,1956,1994,Gable,CompShg,Wd Sdng,Wd Sdng,,0.0,TA,TA,CBlock,TA,TA,Av,BLQ,914.0,Unf,0.0,210.0,1124.0,GasA,Ex,Y,SBrkr,1124,0,0,1124,1.0,0.0,1,0,3,1,TA,6,Typ,1,TA,Attchd,1956.0,Fin,1.0,353.0,TA,TA,Y,0,211,180,0,142,0,,,,0,5,2006,WD,Normal,152770.225
1284,2745,20,RL,70.0,8092,Pave,,Reg,Lvl,AllPub,Inside,Gtl,NAmes,Norm,Norm,1Fam,1Story,6,8,1954,2000,Hip,CompShg,Wd Sdng,Wd Sdng,BrkFace,176.0,TA,Gd,CBlock,TA,TA,No,ALQ,824.0,Unf,0.0,226.0,1050.0,GasA,Ex,Y,SBrkr,1050,0,0,1050,1.0,0.0,1,0,3,1,Gd,6,Typ,0,,Attchd,1954.0,RFn,1.0,286.0,TA,TA,Y,0,0,0,0,0,0,,,,0,6,2006,WD,Abnorml,136847.25
1285,2746,20,RL,66.0,12778,Pave,,Reg,Lvl,AllPub,Inside,Gtl,NAmes,Norm,Norm,1Fam,1Story,5,6,1952,2003,Gable,CompShg,MetalSd,MetalSd,,0.0,TA,TA,CBlock,TA,TA,No,GLQ,658.0,Unf,0.0,350.0,1008.0,GasA,Ex,Y,FuseA,1008,0,0,1008,1.0,0.0,1,0,2,1,TA,4,Typ,0,,Attchd,1952.0,RFn,1.0,280.0,TA,TA,Y,0,154,0,0,0,0,,MnPrv,,0,1,2006,WD,Normal,132345.5
1286,2747,20,RL,75.0,10170,Pave,,Reg,Lvl,AllPub,Corner,Gtl,NAmes,Norm,Norm,1Fam,1Story,6,6,1951,1951,Hip,CompShg,Wd Sdng,Wd Sdng,BrkFace,522.0,TA,TA,CBlock,TA,TA,No,Unf,0.0,Unf,0.0,216.0,216.0,GasA,TA,Y,SBrkr,1575,0,0,1575,0.0,0.0,1,1,2,1,Gd,5,Typ,1,Gd,Attchd,1951.0,Unf,2.0,400.0,TA,TA,Y,0,0,0,0,0,0,,,,0,6,2006,WD,Normal,155666.35
1287,2748,80,RL,55.0,7700,Pave,,Reg,Lvl,AllPub,Inside,Gtl,NAmes,Norm,Norm,1Fam,SLvl,5,7,1956,1956,Gable,CompShg,VinylSd,VinylSd,,0.0,TA,TA,CBlock,Gd,TA,No,BLQ,271.0,Unf,0.0,30.0,301.0,GasA,Ex,Y,FuseA,1145,0,0,1145,0.0,0.0,1,0,3,1,TA,6,Min2,0,,Detchd,1993.0,Unf,2.0,684.0,TA,TA,Y,0,0,0,0,0,0,,GdWo,,0,9,2006,WD,Normal,135837.13
1288,2749,20,RL,65.0,11050,Pave,,Reg,Lvl,AllPub,Inside,Gtl,NAmes,Norm,Norm,1Fam,1Story,5,5,1956,1956,Hip,CompShg,Wd Sdng,Wd Sdng,,0.0,TA,TA,CBlock,TA,TA,No,LwQ,488.0,Unf,0.0,517.0,1005.0,GasA,Ex,Y,SBrkr,1005,0,0,1005,0.0,0.0,1,0,2,1,TA,6,Typ,1,TA,Attchd,1956.0,Unf,1.0,319.0,TA,TA,Y,0,0,0,0,288,0,,,,0,7,2006,WD,Normal,135637.625
1289,2750,20,RL,80.0,13600,Pave,,Reg,Bnk,AllPub,Inside,Gtl,NAmes,Norm,Norm,1Fam,1Story,5,6,1955,1955,Gable,CompShg,HdBoard,HdBoard,,0.0,TA,TA,CBlock,TA,TA,No,Rec,144.0,BLQ,912.0,0.0,1056.0,GasA,Gd,Y,SBrkr,1056,0,0,1056,1.0,0.0,1,1,3,1,TA,6,Typ,0,,Attchd,1955.0,Fin,1.0,300.0,TA,TA,Y,0,0,0,0,0,0,,MnPrv,Shed,650,11,2006,WD,Normal,135763.415
1290,2751,20,RL,85.0,15428,Pave,,Reg,Lvl,AllPub,Inside,Gtl,NAmes,Norm,Norm,1Fam,1Story,5,6,1951,1991,Hip,CompShg,MetalSd,MetalSd,,0.0,TA,TA,CBlock,TA,TA,No,Rec,741.0,Unf,0.0,143.0,884.0,GasA,Ex,Y,SBrkr,884,0,0,884,1.0,0.0,1,0,2,1,TA,4,Typ,0,,Attchd,1951.0,Fin,1.0,270.0,TA,TA,Y,0,0,0,0,195,0,,,,0,6,2006,WD,Normal,130606.5
1291,2752,30,RL,118.0,21299,Pave,,Reg,Lvl,AllPub,Inside,Gtl,NAmes,Norm,Norm,1Fam,1Story,7,5,1941,1963,Hip,WdShake,BrkFace,BrkFace,,0.0,Gd,TA,CBlock,TA,TA,No,Unf,0.0,Unf,0.0,929.0,929.0,GasA,Ex,Y,SBrkr,2039,0,0,2039,1.0,0.0,1,1,3,1,TA,7,Min1,3,Gd,2Types,1941.0,Unf,3.0,791.0,TA,TA,Y,0,0,90,0,0,0,,,,0,12,2006,COD,Abnorml,213047.625
1292,2753,20,RL,70.0,13300,Pave,,Reg,Lvl,AllPub,Inside,Gtl,NAmes,Norm,Norm,1Fam,1Story,5,5,1956,2001,Hip,CompShg,Wd Sdng,VinylSd,,0.0,TA,TA,CBlock,TA,TA,No,Rec,494.0,Unf,0.0,521.0,1015.0,GasA,Gd,Y,SBrkr,1384,0,0,1384,1.0,0.0,1,0,2,1,TA,6,Min1,0,,Attchd,2001.0,Unf,2.0,896.0,TA,TA,Y,75,0,0,323,0,0,,,Shed,400,6,2006,WD,Normal,146311.635
1293,2754,190,RL,94.0,22136,Pave,,Reg,Lvl,AllPub,Inside,Gtl,OldTown,Artery,Norm,2fmCon,1.5Fin,5,5,1925,1975,Gable,CompShg,MetalSd,MetalSd,,0.0,TA,Fa,CBlock,TA,TA,Mn,GLQ,1018.0,Unf,0.0,1153.0,2171.0,GasA,TA,Y,SBrkr,1392,1248,0,2640,2.0,0.0,2,1,5,1,TA,10,Maj1,1,Gd,Attchd,1977.0,RFn,3.0,1008.0,TA,TA,N,631,48,148,0,0,0,,,,0,7,2006,WD,Normal,223498.6
1294,2755,50,RL,50.0,7500,Pave,,Reg,Lvl,AllPub,Inside,Gtl,NAmes,Norm,Norm,1Fam,1.5Fin,6,6,1947,1950,Gable,CompShg,VinylSd,VinylSd,,0.0,TA,TA,CBlock,TA,TA,No,Unf,0.0,Unf,0.0,784.0,784.0,GasA,Ex,Y,FuseA,900,412,0,1312,0.0,0.0,1,1,3,1,TA,6,Typ,0,,Detchd,1953.0,Unf,2.0,649.0,TA,TA,Y,0,28,0,0,0,0,,,,0,10,2006,WD,Normal,126204.455
1295,2756,30,RL,60.0,10410,Pave,Grvl,Reg,Lvl,AllPub,Inside,Gtl,OldTown,Norm,Norm,1Fam,1Story,3,8,1930,2001,Gable,CompShg,VinylSd,VinylSd,,0.0,TA,Gd,PConc,TA,TA,No,Unf,0.0,Unf,0.0,713.0,713.0,GasA,Ex,Y,SBrkr,713,0,0,713,0.0,0.0,1,0,2,1,Gd,5,Typ,0,,Detchd,1936.0,Unf,1.0,371.0,Fa,Fa,N,0,75,161,0,0,0,,,,0,10,2006,WD,Normal,109806.035
1296,2757,30,RL,60.0,10914,Pave,Grvl,Reg,Lvl,AllPub,Inside,Gtl,NAmes,Artery,Norm,1Fam,1Story,3,3,1929,1950,Hip,CompShg,Wd Sdng,Wd Sdng,,0.0,TA,Fa,CBlock,TA,TA,Mn,Unf,0.0,Unf,0.0,715.0,715.0,GasA,Fa,N,FuseP,715,0,0,715,0.0,0.0,1,0,2,1,TA,4,Typ,0,,Detchd,1967.0,Unf,2.0,660.0,Fa,TA,N,0,0,75,0,112,0,,,,0,8,2006,WD,Normal,93097.705
1297,2758,50,RL,60.0,7008,Pave,,Reg,Lvl,AllPub,Corner,Gtl,OldTown,Norm,Norm,1Fam,1.5Fin,4,8,1900,1998,Gable,CompShg,MetalSd,MetalSd,,0.0,TA,Gd,BrkTil,Fa,Fa,No,Unf,0.0,Unf,0.0,448.0,448.0,GasA,Ex,Y,SBrkr,448,272,0,720,0.0,0.0,1,0,1,1,Fa,5,Typ,0,,Attchd,1900.0,Unf,1.0,280.0,Fa,TA,Y,0,0,70,0,0,0,,,,0,3,2006,WD,Normal,107854.0
1298,2759,70,RL,60.0,7200,Pave,Grvl,Reg,Lvl,AllPub,Inside,Gtl,OldTown,Norm,Norm,1Fam,2Story,6,8,1915,1950,Gable,CompShg,MetalSd,MetalSd,,0.0,TA,Ex,CBlock,TA,TA,No,Rec,338.0,Unf,0.0,325.0,663.0,GasA,Ex,Y,SBrkr,774,821,0,1595,0.0,0.0,2,0,3,1,TA,7,Typ,1,Gd,Detchd,1974.0,Unf,2.0,528.0,TA,TA,Y,49,0,231,0,0,0,,,,0,4,2006,WD,Normal,154746.13
1299,2760,50,RL,60.0,10818,Pave,Grvl,Reg,Lvl,AllPub,Inside,Gtl,OldTown,Norm,Norm,1Fam,1.5Fin,4,4,1910,1950,Gable,CompShg,VinylSd,VinylSd,,0.0,TA,TA,BrkTil,Fa,TA,No,Unf,0.0,Unf,0.0,1077.0,1077.0,GasA,TA,Y,FuseA,981,779,0,1760,0.0,0.0,1,1,4,1,TA,7,Typ,1,TA,Detchd,1935.0,Unf,2.0,648.0,Fa,TA,Y,120,0,96,0,0,0,,,,0,2,2006,COD,Abnorml,147846.54
1300,2761,80,RL,83.0,10184,Pave,,Reg,Lvl,AllPub,Inside,Gtl,NAmes,Norm,Norm,1Fam,SLvl,6,5,1963,1963,Gable,CompShg,HdBoard,HdBoard,BrkFace,379.0,TA,TA,CBlock,TA,TA,Av,ALQ,580.0,Unf,0.0,503.0,1083.0,GasA,TA,Y,SBrkr,1146,0,0,1146,0.0,1.0,1,0,3,1,TA,6,Typ,1,Gd,Attchd,1963.0,Unf,1.0,294.0,TA,TA,Y,345,75,0,0,0,0,,,,0,6,2006,WD,Normal,151474.535
1301,2762,20,RL,77.0,9510,Pave,,Reg,Lvl,AllPub,Inside,Gtl,NAmes,Norm,Norm,1Fam,1Story,6,5,1962,1985,Gable,CompShg,HdBoard,HdBoard,BrkCmn,161.0,TA,TA,CBlock,TA,TA,No,ALQ,701.0,Unf,0.0,434.0,1135.0,GasA,Ex,Y,SBrkr,1207,0,0,1207,0.0,0.0,1,1,3,1,TA,6,Typ,0,,Attchd,1962.0,RFn,1.0,264.0,TA,TA,Y,0,240,0,0,0,0,,,,0,5,2006,WD,Normal,147336.87
1302,2763,20,RL,80.0,10800,Pave,,Reg,Lvl,AllPub,Inside,Gtl,NAmes,PosA,Norm,1Fam,1Story,6,6,1961,1992,Gable,CompShg,HdBoard,HdBoard,BrkFace,104.0,TA,TA,CBlock,TA,TA,No,Rec,913.0,Unf,0.0,400.0,1313.0,GasA,TA,Y,SBrkr,1773,0,0,1773,1.0,0.0,2,0,3,1,TA,6,Min2,2,TA,Attchd,1961.0,RFn,2.0,418.0,TA,TA,Y,355,98,0,0,144,0,,,,0,8,2006,WD,Normal,177972.775
1303,2764,20,RL,86.0,11650,Pave,,Reg,Lvl,AllPub,Corner,Gtl,NAmes,PosA,Norm,1Fam,1Story,7,5,1959,1959,Hip,CompShg,Plywood,Plywood,BrkCmn,58.0,TA,TA,Slab,,,,,0.0,,0.0,0.0,0.0,GasA,Gd,Y,FuseA,1472,0,0,1472,0.0,0.0,2,0,2,1,Gd,5,Typ,1,Gd,Attchd,1959.0,Unf,2.0,484.0,TA,TA,Y,0,68,0,0,227,0,,,,0,6,2006,WD,Normal,170979.375
1304,2765,60,RL,,18275,Pave,,IR1,HLS,AllPub,Inside,Gtl,NAmes,Norm,Norm,1Fam,2Story,7,8,1962,1998,Gable,CompShg,Plywood,Plywood,,0.0,TA,TA,CBlock,TA,TA,Gd,ALQ,636.0,Unf,0.0,802.0,1438.0,GasA,TA,Y,SBrkr,1900,548,0,2448,1.0,0.0,3,0,3,1,TA,9,Typ,2,Gd,Attchd,1962.0,RFn,2.0,441.0,TA,TA,Y,520,102,0,0,0,0,,,,0,9,2006,WD,Normal,229799.855
1305,2766,50,RL,60.0,12144,Pave,,Reg,Lvl,AllPub,Inside,Gtl,NAmes,Norm,Norm,1Fam,1.5Fin,4,6,1950,1950,Gable,CompShg,BrkComm,Wd Sdng,,0.0,TA,TA,CBlock,TA,TA,No,Rec,455.0,Unf,0.0,455.0,910.0,GasA,Gd,Y,SBrkr,910,611,0,1521,0.0,0.0,1,1,3,1,Gd,6,Min2,0,,Detchd,1950.0,Unf,1.0,597.0,Fa,TA,Y,199,0,168,0,0,0,,,,0,9,2006,WD,Normal,133979.905
1306,2767,90,RL,60.0,8544,Pave,,Reg,Lvl,AllPub,Corner,Gtl,NAmes,Norm,Norm,Duplex,1Story,3,4,1950,1950,Gable,CompShg,BrkFace,Stone,,0.0,TA,TA,Slab,,,,,0.0,,0.0,0.0,0.0,Wall,Fa,N,FuseF,1040,0,0,1040,0.0,0.0,2,0,2,2,TA,6,Typ,0,,Detchd,1950.0,Unf,2.0,400.0,TA,Fa,Y,0,0,0,0,0,0,,,,0,12,2006,WD,Normal,91963.25
1307,2768,90,RL,75.0,8512,Pave,,Reg,Lvl,AllPub,Corner,Gtl,NAmes,Norm,Norm,Duplex,1Story,5,5,1960,1960,Hip,CompShg,BrkFace,BrkFace,,0.0,TA,TA,CBlock,TA,Fa,No,Unf,0.0,Unf,0.0,1556.0,1556.0,GasA,TA,Y,SBrkr,1556,0,0,1556,0.0,0.0,2,0,4,2,TA,8,Typ,0,,,,,0.0,0.0,,,Y,0,0,0,0,0,0,,,,0,9,2006,WD,Normal,132666.07
1308,2769,20,RL,70.0,7000,Pave,,Reg,Lvl,AllPub,Inside,Gtl,NAmes,Norm,Norm,1Fam,1Story,5,4,1961,1961,Hip,CompShg,BrkFace,BrkFace,,0.0,TA,TA,CBlock,TA,TA,No,GLQ,781.0,Unf,0.0,369.0,1150.0,GasA,TA,Y,SBrkr,1150,0,0,1150,0.0,0.0,1,0,3,1,TA,6,Typ,0,,Attchd,1961.0,RFn,1.0,288.0,TA,TA,Y,0,0,0,0,162,0,,,,0,7,2006,WD,Normal,134897.245
1309,2770,20,RL,74.0,7400,Pave,,Reg,Lvl,AllPub,Corner,Gtl,NAmes,Artery,Norm,1Fam,1Story,7,6,1962,1962,Gable,CompShg,Wd Sdng,Wd Sdng,,0.0,TA,TA,CBlock,TA,TA,No,LwQ,809.0,Unf,0.0,236.0,1045.0,GasA,Gd,Y,SBrkr,1045,0,0,1045,1.0,0.0,1,0,3,1,TA,6,Typ,0,,Detchd,1962.0,Unf,2.0,528.0,TA,TA,Y,0,0,0,0,0,0,,,,0,3,2006,WD,Normal,141205.25
1310,2771,20,RL,70.0,7000,Pave,,Reg,Lvl,AllPub,Inside,Gtl,NAmes,Artery,Norm,1Fam,1Story,5,6,1962,1962,Gable,CompShg,Wd Sdng,Wd Sdng,,0.0,TA,TA,CBlock,TA,TA,No,BLQ,468.0,Unf,0.0,396.0,864.0,GasA,Gd,Y,SBrkr,864,0,0,864,0.0,1.0,1,0,3,1,TA,5,Typ,0,,Attchd,1962.0,Unf,1.0,336.0,TA,TA,Y,0,0,0,0,0,0,,GdWo,,0,2,2006,WD,Normal,120521.08
1311,2772,190,RL,70.0,7000,Pave,,Reg,Lvl,AllPub,Inside,Gtl,NAmes,Artery,Norm,2fmCon,SFoyer,5,5,1962,1962,Gable,CompShg,MetalSd,MetalSd,,0.0,TA,TA,CBlock,TA,TA,Av,ALQ,953.0,Unf,0.0,72.0,1025.0,GasA,TA,Y,SBrkr,1025,0,0,1025,1.0,0.0,1,0,3,1,TA,6,Typ,0,,,,,0.0,0.0,,,Y,96,80,0,0,0,0,,,,0,3,2006,WD,Normal,114665.675
1312,2773,70,RM,62.0,9856,Pave,Grvl,Reg,Lvl,AllPub,Corner,Gtl,OldTown,Norm,Norm,1Fam,2Story,5,8,1900,2005,Hip,CompShg,CemntBd,CmentBd,,0.0,Gd,Gd,PConc,Fa,TA,No,Unf,0.0,Unf,0.0,716.0,716.0,GasA,Ex,Y,FuseA,1007,1007,0,2014,0.0,0.0,2,0,5,1,TA,8,Typ,0,,Detchd,1900.0,Unf,2.0,624.0,TA,TA,Y,0,72,167,0,0,0,,,,0,6,2006,WD,Normal,166731.59
1313,2774,50,RM,60.0,9600,Pave,Grvl,Reg,Lvl,AllPub,Inside,Gtl,OldTown,Norm,Norm,1Fam,1.5Fin,5,6,1948,1950,Gable,CompShg,MetalSd,MetalSd,Stone,264.0,TA,TA,CBlock,TA,TA,No,Rec,276.0,Unf,0.0,936.0,1212.0,GasA,Gd,Y,FuseA,1226,442,0,1668,1.0,0.0,1,0,3,1,TA,6,Typ,0,,Detchd,1948.0,Unf,1.0,240.0,TA,TA,Y,0,0,140,0,0,0,,,,0,5,2006,WD,Normal,131159.055
1314,2775,50,RM,60.0,5520,Pave,,Reg,Lvl,AllPub,Corner,Gtl,OldTown,Norm,Norm,1Fam,1.5Fin,4,6,1920,1980,Gable,CompShg,Wd Sdng,Wd Sdng,,0.0,TA,TA,PConc,TA,Fa,No,LwQ,284.0,Unf,0.0,863.0,1147.0,GasA,TA,N,SBrkr,1147,510,0,1657,0.0,0.0,1,0,4,1,Fa,9,Typ,1,TA,Detchd,1920.0,Unf,1.0,162.0,Fa,Fa,N,0,0,0,0,0,0,,,,0,7,2006,WD,Normal,132660.245
1315,2776,50,RM,60.0,9600,Pave,Grvl,Reg,Lvl,AllPub,Inside,Gtl,OldTown,Norm,Norm,1Fam,1.5Fin,6,8,1900,2004,Gable,CompShg,Wd Sdng,Wd Sdng,,0.0,TA,TA,BrkTil,TA,TA,No,Rec,381.0,Unf,0.0,399.0,780.0,GasA,Ex,Y,SBrkr,940,476,0,1416,0.0,1.0,1,0,3,1,Gd,7,Typ,0,,Detchd,1956.0,Unf,2.0,400.0,TA,TA,Y,0,24,0,0,0,0,,,,0,6,2006,WD,Normal,133056.585
1316,2777,70,RM,58.0,6451,Pave,Grvl,Reg,Lvl,AllPub,Inside,Gtl,OldTown,Norm,Norm,1Fam,2Story,7,7,1900,1970,Gable,CompShg,AsbShng,Wd Sdng,,0.0,TA,TA,Stone,TA,TA,No,Rec,208.0,Unf,0.0,504.0,712.0,GasA,Gd,Y,SBrkr,848,580,0,1428,1.0,0.0,1,0,4,1,TA,7,Typ,0,,Detchd,1985.0,Fin,2.0,576.0,TA,TA,Y,264,0,84,0,0,0,,,,0,5,2006,WD,Normal,138563.77
1317,2778,70,RM,66.0,3960,Pave,Grvl,Reg,Lvl,AllPub,Inside,Gtl,OldTown,Norm,Norm,1Fam,2Story,7,8,1930,1950,Gable,CompShg,Wd Sdng,Wd Sdng,,0.0,TA,TA,BrkTil,TA,TA,No,Unf,0.0,Unf,0.0,502.0,502.0,GasA,TA,N,SBrkr,502,502,0,1004,0.0,0.0,1,0,2,1,Gd,5,Typ,1,Po,Detchd,1930.0,Unf,1.0,200.0,Fa,TA,N,280,0,68,0,0,0,,MnPrv,,0,7,2006,WD,Normal,124525.835
1318,2779,190,RM,56.0,7745,Pave,Grvl,Reg,Lvl,AllPub,Inside,Gtl,OldTown,Norm,Norm,2fmCon,1.5Fin,4,6,1900,1950,Gable,CompShg,MetalSd,MetalSd,,0.0,Gd,TA,PConc,TA,TA,No,Unf,0.0,Unf,0.0,938.0,938.0,GasA,Gd,N,SBrkr,1084,867,0,1951,0.0,0.0,2,0,4,2,Fa,9,Typ,0,,Detchd,1993.0,Unf,2.0,576.0,TA,TA,P,0,6,28,0,0,0,,,,0,4,2006,WD,Normal,138427.85
1319,2780,30,RM,56.0,7741,Pave,Grvl,Reg,Lvl,AllPub,Inside,Gtl,OldTown,Norm,Norm,1Fam,1Story,6,5,1924,1950,Gable,CompShg,MetalSd,MetalSd,,0.0,TA,TA,BrkTil,TA,Fa,No,BLQ,143.0,Rec,72.0,817.0,1032.0,GasA,Gd,N,FuseA,1032,0,0,1032,0.0,0.0,1,0,2,1,TA,5,Typ,0,,Detchd,1995.0,Unf,1.0,280.0,TA,TA,Y,0,0,112,0,0,0,,MnPrv,,0,6,2006,COD,Abnorml,99539.75
1320,2781,30,RM,50.0,5633,Pave,Pave,Reg,Lvl,AllPub,Inside,Gtl,OldTown,Norm,Norm,1Fam,1Story,5,7,1925,1950,Gable,CompShg,MetalSd,Stucco,,0.0,TA,TA,BrkTil,TA,Fa,No,Unf,0.0,Unf,0.0,844.0,844.0,GasA,TA,Y,SBrkr,844,0,0,844,0.0,0.0,1,0,2,1,TA,5,Typ,0,,Detchd,1925.0,Unf,1.0,216.0,TA,TA,N,50,81,123,0,0,0,,,,0,7,2006,WD,Normal,106540.36
1321,2782,20,RM,60.0,7200,Pave,Grvl,Reg,Lvl,AllPub,Inside,Gtl,OldTown,Norm,Norm,1Fam,1Story,4,5,1950,1950,Gable,CompShg,MetalSd,MetalSd,,0.0,TA,TA,CBlock,TA,TA,No,Unf,0.0,Unf,0.0,576.0,576.0,GasA,Ex,Y,SBrkr,864,0,0,864,0.0,0.0,1,0,2,1,TA,5,Typ,0,,Detchd,1952.0,RFn,1.0,528.0,TA,TA,Y,0,0,0,0,115,0,,,,0,8,2006,COD,Normal,110451.625
1322,2783,70,RM,42.0,7614,Pave,Grvl,Reg,Lvl,AllPub,Inside,Mod,OldTown,Norm,Norm,1Fam,2Story,3,5,1905,1950,Gable,CompShg,MetalSd,MetalSd,,0.0,TA,TA,BrkTil,TA,Fa,Mn,Unf,0.0,Unf,0.0,738.0,738.0,GasA,Gd,Y,FuseA,714,662,0,1376,0.0,0.0,1,0,2,1,TA,7,Typ,0,,Detchd,1930.0,Unf,1.0,216.0,TA,TA,N,0,0,104,0,225,0,,,,0,3,2006,WD,Normal,110755.805
1323,2784,190,RM,50.0,6000,Pave,,Reg,Lvl,AllPub,Inside,Gtl,OldTown,Norm,Norm,2fmCon,1Story,5,7,1955,1955,Hip,CompShg,Wd Sdng,Wd Sdng,,0.0,TA,TA,CBlock,TA,TA,Av,GLQ,576.0,Unf,0.0,384.0,960.0,GasA,TA,Y,FuseA,960,0,0,960,1.0,0.0,1,0,3,1,TA,5,Typ,0,,Detchd,1976.0,Unf,2.0,576.0,TA,TA,Y,0,0,0,0,0,0,,,,0,6,2006,WD,Normal,123540.675
1324,2785,50,RM,50.0,6000,Pave,,Reg,Lvl,AllPub,Inside,Gtl,OldTown,Norm,Norm,1Fam,1.5Fin,5,7,1924,1950,Gable,CompShg,MetalSd,MetalSd,BrkFace,145.0,TA,Gd,PConc,TA,TA,No,Unf,0.0,Unf,0.0,816.0,816.0,GasA,Ex,Y,SBrkr,816,750,0,1566,0.0,0.0,1,1,5,1,Gd,7,Typ,0,,Detchd,1976.0,Unf,2.0,450.0,TA,TA,Y,24,0,296,0,0,0,,MnPrv,,0,8,2006,WD,Normal,141013.84
1325,2786,30,RM,52.0,7830,Pave,,Reg,Lvl,AllPub,Inside,Gtl,OldTown,Norm,Norm,1Fam,1Story,3,5,1921,1950,Gable,CompShg,AsbShng,AsbShng,,0.0,TA,TA,BrkTil,Fa,TA,No,LwQ,416.0,Unf,0.0,76.0,492.0,GasA,TA,Y,SBrkr,492,0,0,492,1.0,0.0,1,0,1,1,TA,3,Typ,0,,Detchd,1921.0,Unf,1.0,200.0,Fa,TA,N,0,0,78,0,0,0,,,,0,6,2006,WD,Normal,94805.54
1326,2787,50,RM,56.0,9576,Pave,,Reg,Lvl,AllPub,Inside,Gtl,OldTown,Norm,Norm,1Fam,1.5Fin,6,7,1945,1950,Gable,CompShg,VinylSd,VinylSd,,0.0,TA,TA,CBlock,Fa,TA,No,Rec,310.0,Unf,0.0,460.0,770.0,GasA,TA,Y,SBrkr,885,297,0,1182,0.0,0.0,1,1,3,1,TA,5,Typ,0,,Detchd,1945.0,Unf,1.0,378.0,Fa,TA,Y,0,0,0,0,0,0,,GdWo,,0,5,2006,WD,Normal,115980.345
1327,2788,30,RM,48.0,5747,Pave,,Reg,Lvl,AllPub,Inside,Gtl,OldTown,Norm,Norm,1Fam,1Story,3,4,1920,1950,Gable,CompShg,Wd Sdng,Wd Sdng,,0.0,TA,TA,PConc,TA,TA,No,Unf,0.0,Unf,0.0,798.0,798.0,GasA,Gd,Y,SBrkr,840,0,0,840,0.0,0.0,1,0,2,1,Fa,5,Typ,0,,Detchd,1938.0,Unf,1.0,250.0,TA,Fa,N,112,0,0,0,0,0,,,,0,6,2006,WD,Normal,98946.5
1328,2789,75,RM,70.0,6300,Pave,,Reg,Lvl,AllPub,Corner,Gtl,OldTown,Norm,Norm,1Fam,2.5Unf,7,6,1910,2005,Gable,CompShg,Wd Sdng,Wd Sdng,,0.0,TA,TA,BrkTil,TA,TA,No,Unf,0.0,Unf,0.0,1226.0,1226.0,GasA,Ex,Y,SBrkr,1226,878,0,2104,0.0,0.0,2,0,5,1,TA,9,Typ,0,,Detchd,1910.0,Unf,2.0,432.0,Fa,TA,P,0,341,88,0,0,0,,,,0,7,2006,WD,Normal,156490.425
1329,2790,90,RM,33.0,5976,Pave,,Reg,Lvl,AllPub,Inside,Gtl,OldTown,Norm,Norm,Duplex,2Story,5,7,1920,1950,Hip,CompShg,Wd Sdng,Wd Sdng,,0.0,TA,TA,PConc,TA,TA,No,Unf,0.0,Unf,0.0,624.0,624.0,GasA,Gd,N,FuseA,624,624,0,1248,0.0,0.0,2,0,2,2,TA,8,Typ,0,,,,,0.0,0.0,,,N,0,130,256,0,0,0,,,,0,12,2006,WD,Normal,103336.06
1330,2791,20,RM,65.0,9750,Pave,Grvl,Reg,Lvl,AllPub,Inside,Gtl,OldTown,Norm,Norm,1Fam,1Story,5,5,1958,1958,Hip,CompShg,HdBoard,HdBoard,,0.0,TA,TA,CBlock,TA,TA,No,Unf,0.0,Unf,0.0,960.0,960.0,GasA,Ex,Y,SBrkr,960,0,0,960,0.0,0.0,1,0,3,1,TA,5,Typ,0,,Detchd,2002.0,Unf,2.0,624.0,TA,TA,Y,0,0,0,0,0,0,,,Gar2,4500,7,2006,WD,Normal,123244.3
1331,2792,50,C (all),63.0,4761,Pave,,Reg,Lvl,AllPub,Corner,Gtl,IDOTRR,Norm,Norm,1Fam,1.5Unf,3,3,1918,1950,Gable,CompShg,Wd Sdng,Wd Sdng,,0.0,Fa,Fa,BrkTil,TA,Fa,No,Unf,0.0,Unf,0.0,1020.0,1020.0,GasA,Fa,N,FuseP,1020,0,0,1020,0.0,0.0,1,0,2,1,Fa,5,Typ,0,,,,,0.0,0.0,,,N,0,0,105,0,0,0,,,,0,10,2006,ConLD,Normal,78226.705
1332,2793,70,RL,69.0,11737,Pave,,IR1,Bnk,AllPub,Inside,Gtl,BrkSide,Norm,Norm,1Fam,2Story,6,7,1924,1996,Gambrel,CompShg,BrkComm,Stucco,,0.0,TA,TA,BrkTil,TA,TA,No,Unf,0.0,Unf,0.0,848.0,848.0,GasW,TA,N,SBrkr,1017,810,0,1827,0.0,0.0,1,0,2,1,TA,9,Typ,1,Gd,Detchd,1943.0,Unf,1.0,240.0,Fa,TA,Y,27,36,42,0,0,0,,GdPrv,,0,5,2006,WD,Normal,163722.48
1333,2794,50,RM,51.0,6120,Pave,,Reg,Lvl,AllPub,Inside,Gtl,BrkSide,Norm,Norm,1Fam,1.5Fin,3,5,1930,1950,Gable,CompShg,AsbShng,AsbShng,,0.0,Gd,TA,CBlock,TA,TA,No,Rec,347.0,Unf,0.0,381.0,728.0,GasA,Ex,Y,SBrkr,728,434,0,1162,1.0,0.0,1,0,3,1,TA,6,Typ,0,,Detchd,1930.0,Unf,1.0,258.0,Fa,Po,Y,0,24,0,0,0,0,,,,0,11,2006,ConLI,Abnorml,115982.215
1334,2795,50,RM,51.0,6120,Pave,,Reg,Lvl,AllPub,Inside,Gtl,BrkSide,Norm,Norm,1Fam,1.5Fin,5,7,1930,1984,Gable,CompShg,MetalSd,MetalSd,,0.0,TA,Gd,BrkTil,TA,TA,No,Unf,0.0,Unf,0.0,741.0,741.0,GasA,Gd,Y,SBrkr,741,583,0,1324,0.0,0.0,1,0,3,1,Gd,7,Typ,0,,Detchd,1930.0,Unf,1.0,180.0,Fa,TA,Y,0,0,55,0,0,0,,,,0,2,2006,WD,Normal,119579.5
1335,2796,30,RL,50.0,11672,Pave,Pave,IR2,Lvl,AllPub,Inside,Gtl,BrkSide,Norm,Norm,1Fam,1Story,5,5,1925,1950,Gable,CompShg,MetalSd,MetalSd,,0.0,TA,TA,BrkTil,TA,TA,No,Unf,0.0,Unf,0.0,816.0,816.0,GasA,TA,Y,FuseA,816,0,0,816,0.0,0.0,1,0,2,1,TA,4,Typ,0,,Detchd,1925.0,Unf,1.0,210.0,Fa,Fa,N,168,0,112,0,0,0,,,,0,7,2006,WD,Normal,107579.725
1336,2797,50,RM,90.0,33120,Pave,,IR3,Lvl,AllPub,Inside,Gtl,OldTown,RRAn,Feedr,1Fam,1.5Fin,6,5,1962,1962,Gable,CompShg,BrkFace,Wd Sdng,,0.0,TA,TA,CBlock,TA,TA,No,Unf,0.0,Unf,0.0,1595.0,1595.0,GasA,TA,Y,SBrkr,1611,875,0,2486,0.0,0.0,2,0,5,1,TA,8,Typ,1,Gd,Detchd,1962.0,Unf,2.0,576.0,TA,TA,Y,0,0,0,0,0,0,,,,0,10,2006,WD,Normal,191849.735
1337,2798,50,RM,60.0,10320,Pave,Grvl,Reg,Lvl,AllPub,Inside,Gtl,IDOTRR,Norm,Norm,1Fam,1.5Fin,4,5,1924,1950,Gable,CompShg,MetalSd,MetalSd,,0.0,TA,TA,BrkTil,TA,Fa,No,Unf,0.0,Unf,0.0,596.0,596.0,GasA,Po,Y,FuseF,834,596,0,1430,0.0,0.0,2,0,3,1,Fa,7,Typ,0,,Detchd,1924.0,Unf,2.0,370.0,Fa,Fa,Y,218,0,0,0,210,0,,,,0,10,2006,WD,Abnorml,118882.675
1338,2799,70,RM,60.0,7518,Pave,,Reg,Lvl,AllPub,FR3,Gtl,IDOTRR,Norm,Norm,1Fam,2Story,5,8,1910,2004,Gable,CompShg,AsbShng,Plywood,,0.0,Fa,Gd,BrkTil,Fa,Fa,No,Unf,0.0,Unf,0.0,396.0,396.0,GasA,Gd,Y,SBrkr,665,665,0,1330,0.0,0.0,1,0,3,1,TA,7,Typ,0,,Detchd,2001.0,Unf,1.0,390.0,TA,TA,N,0,72,45,0,0,0,,MnPrv,,0,7,2006,WD,Normal,124858.455
1339,2800,30,RM,50.0,9000,Pave,,Reg,Lvl,AllPub,Inside,Gtl,IDOTRR,Norm,Norm,1Fam,1Story,5,4,1919,1950,Gable,CompShg,Wd Sdng,Wd Sdng,,0.0,TA,TA,BrkTil,TA,TA,No,Unf,0.0,Unf,0.0,610.0,610.0,GasA,Ex,N,FuseA,819,0,0,819,0.0,0.0,1,0,2,1,Gd,4,Typ,0,,,,,0.0,0.0,,,N,0,0,0,0,0,0,,,,0,9,2006,WD,Abnorml,86562.77
1340,2801,30,RM,60.0,7200,Pave,,Reg,Lvl,AllPub,Corner,Gtl,IDOTRR,Norm,Norm,1Fam,1Story,6,6,1930,1950,Gable,CompShg,VinylSd,VinylSd,,0.0,TA,TA,BrkTil,TA,TA,No,LwQ,343.0,Unf,0.0,641.0,984.0,GasA,TA,Y,FuseF,984,0,0,984,0.0,0.0,1,0,3,1,TA,6,Typ,0,,Detchd,1930.0,Unf,1.0,308.0,TA,TA,N,0,0,164,0,0,0,,,,0,3,2006,ConLI,Family,114770.245
1341,2802,50,RL,82.0,12375,Pave,,Reg,Lvl,AllPub,Inside,Gtl,Sawyer,Feedr,Norm,1Fam,1.5Fin,5,5,1951,1951,Gable,CompShg,HdBoard,HdBoard,Stone,41.0,TA,Fa,CBlock,TA,TA,No,BLQ,329.0,Unf,0.0,477.0,806.0,GasA,TA,Y,SBrkr,1081,341,0,1422,1.0,0.0,1,0,3,1,TA,7,Typ,1,TA,Detchd,1951.0,Unf,1.0,288.0,TA,TA,Y,0,0,0,0,0,0,,GdWo,,0,6,2006,WD,Normal,138816.915
1342,2803,90,RL,120.0,11136,Pave,,Reg,Lvl,AllPub,Corner,Gtl,Sawyer,Feedr,Feedr,Duplex,1Story,6,5,1964,1964,Gable,CompShg,BrkFace,BrkFace,,0.0,TA,TA,CBlock,TA,TA,No,Unf,0.0,Unf,0.0,1921.0,1921.0,GasA,TA,Y,SBrkr,1921,0,0,1921,0.0,0.0,2,0,4,2,TA,8,Typ,0,,Detchd,1964.0,Unf,2.0,576.0,TA,TA,Y,0,180,0,0,0,0,,,,0,7,2006,WD,Normal,160758.225
1343,2804,20,RL,100.0,21370,Pave,,Reg,Lvl,AllPub,FR2,Gtl,Sawyer,Norm,Norm,1Fam,1Story,5,5,1950,1950,Gable,CompShg,Wd Sdng,MetalSd,,0.0,TA,TA,Slab,,,,,0.0,,0.0,0.0,0.0,GasA,TA,Y,FuseA,1640,0,0,1640,0.0,0.0,1,0,3,1,TA,7,Min1,1,Gd,Attchd,1950.0,RFn,2.0,394.0,TA,TA,Y,0,0,225,0,0,0,,,Shed,600,6,2006,WD,Normal,147368.28
1344,2805,30,RL,55.0,8250,Pave,,Reg,Lvl,AllPub,Inside,Gtl,Edwards,Norm,Norm,1Fam,1Story,5,7,1935,1950,Gable,CompShg,Wd Sdng,Wd Sdng,,0.0,TA,TA,Slab,,,,,0.0,,0.0,0.0,0.0,GasA,TA,N,SBrkr,1032,0,0,1032,0.0,0.0,1,0,2,1,TA,6,Typ,1,TA,Detchd,1939.0,Unf,1.0,260.0,TA,TA,Y,0,0,121,0,0,0,,,,0,6,2006,WD,Normal,108420.58
1345,2806,30,RL,50.0,5220,Pave,,IR1,Lvl,AllPub,Inside,Gtl,SWISU,Norm,Norm,1Fam,1Story,5,3,1936,1950,Gable,CompShg,Wd Sdng,Wd Shng,,0.0,TA,TA,BrkTil,TA,TA,No,Unf,0.0,Unf,0.0,830.0,830.0,GasA,Gd,Y,SBrkr,879,0,0,879,0.0,0.0,1,0,2,1,TA,4,Typ,0,,Detchd,1936.0,Unf,1.0,180.0,TA,TA,P,0,108,0,0,0,0,,,,0,1,2006,WD,Normal,105495.915
1346,2807,20,RL,50.0,5500,Pave,,Reg,Lvl,AllPub,Inside,Gtl,SWISU,Norm,Norm,1Fam,1Story,7,5,2004,2004,Shed,CompShg,VinylSd,VinylSd,,0.0,TA,TA,PConc,Gd,Gd,Mn,GLQ,510.0,LwQ,373.0,190.0,1073.0,GasA,Ex,Y,SBrkr,1073,0,0,1073,1.0,0.0,2,0,2,1,TA,4,Typ,0,,Detchd,2004.0,Unf,1.0,246.0,TA,TA,Y,0,120,0,0,0,0,,,,0,5,2006,WD,Normal,159341.025
1347,2808,20,RL,,11327,Pave,,IR1,Lvl,AllPub,Inside,Gtl,Sawyer,Norm,Norm,1Fam,1Story,5,6,1967,1967,Hip,CompShg,HdBoard,HdBoard,BrkFace,305.0,TA,TA,CBlock,TA,TA,Av,ALQ,779.0,Unf,0.0,285.0,1064.0,GasA,TA,Y,SBrkr,1064,0,0,1064,0.0,1.0,1,0,3,1,TA,6,Typ,1,TA,Attchd,1967.0,Unf,2.0,528.0,TA,TA,Y,314,48,0,0,0,0,,,,0,6,2006,WD,Normal,154462.985
1348,2809,80,RL,80.0,10366,Pave,,IR1,Lvl,AllPub,Corner,Gtl,Sawyer,Norm,Norm,1Fam,SLvl,6,7,1964,1964,Gable,CompShg,HdBoard,Plywood,,0.0,TA,Gd,CBlock,TA,TA,Av,GLQ,456.0,Unf,0.0,456.0,912.0,GasA,TA,Y,SBrkr,934,0,0,934,0.0,1.0,1,0,2,1,TA,4,Typ,0,,Attchd,1964.0,Unf,1.0,336.0,TA,TA,Y,77,0,0,0,0,0,,GdPrv,Shed,500,7,2006,WD,Normal,134502.55
1349,2810,20,RL,75.0,9000,Pave,,Reg,Lvl,AllPub,Corner,Gtl,Sawyer,Norm,Norm,1Fam,1Story,5,6,1966,1966,Gable,CompShg,Plywood,Plywood,,0.0,TA,TA,CBlock,TA,TA,No,ALQ,773.0,Unf,0.0,286.0,1059.0,GasA,Gd,Y,SBrkr,1059,0,0,1059,1.0,0.0,1,0,3,1,TA,6,Typ,0,,Attchd,1966.0,Fin,1.0,286.0,TA,TA,Y,0,88,0,0,0,0,,GdWo,,0,6,2006,WD,Abnorml,136566.04
1350,2811,20,RL,,9535,Pave,,IR1,Lvl,AllPub,Inside,Gtl,Sawyer,Norm,Norm,1Fam,1Story,5,5,1967,1967,Gable,CompShg,HdBoard,HdBoard,BrkFace,450.0,TA,TA,CBlock,TA,TA,No,BLQ,194.0,LwQ,982.0,0.0,1176.0,GasA,TA,Y,SBrkr,1458,0,0,1458,1.0,0.0,1,1,3,1,TA,7,Typ,1,TA,Attchd,1967.0,Unf,2.0,512.0,TA,TA,Y,284,0,0,0,0,0,,MnPrv,,0,7,2006,WD,Normal,161219.785
1351,2812,80,RL,,7176,Pave,,IR1,Lvl,AllPub,CulDSac,Gtl,Sawyer,Norm,Norm,1Fam,SLvl,6,6,1978,1978,Gable,CompShg,HdBoard,HdBoard,BrkFace,200.0,TA,TA,CBlock,TA,Gd,Gd,GLQ,794.0,Unf,0.0,166.0,960.0,GasA,Fa,Y,SBrkr,1040,0,0,1040,1.0,0.0,1,0,3,1,TA,6,Typ,1,Fa,Detchd,1979.0,Unf,2.0,616.0,TA,TA,Y,131,0,0,0,180,0,,GdPrv,,0,7,2006,WD,Normal,148232.92
1352,2813,90,RL,,9662,Pave,,IR1,Lvl,AllPub,Inside,Gtl,Sawyer,Norm,Norm,Duplex,1Story,5,4,1977,1977,Gable,CompShg,Plywood,Plywood,,0.0,TA,TA,CBlock,Gd,TA,No,Unf,0.0,Unf,0.0,1967.0,1967.0,GasA,TA,Y,SBrkr,1967,0,0,1967,0.0,0.0,2,0,6,2,TA,10,Typ,0,,Attchd,1977.0,Fin,2.0,580.0,TA,TA,Y,170,0,0,0,0,0,,,,0,8,2006,WD,Normal,170589.6
1353,2814,90,RL,75.0,8235,Pave,,Reg,Lvl,AllPub,Inside,Gtl,Sawyer,Norm,Norm,Duplex,1Story,5,4,1977,1977,Gable,CompShg,Plywood,Plywood,BrkFace,99.0,TA,TA,CBlock,TA,TA,No,Rec,483.0,Unf,0.0,1466.0,1949.0,GasA,TA,Y,SBrkr,1949,0,0,1949,0.0,0.0,2,0,6,2,TA,10,Typ,0,,Attchd,1977.0,RFn,2.0,586.0,TA,TA,Y,32,0,0,0,0,0,,,,0,5,2006,WD,Normal,160809.14
1354,2815,30,RL,,17529,Pave,,Reg,Lvl,AllPub,Inside,Gtl,Sawyer,Norm,Norm,1Fam,1Story,5,5,1924,1950,Gable,CompShg,BrkFace,Wd Sdng,Stone,65.0,TA,TA,BrkTil,TA,TA,No,Unf,0.0,Unf,0.0,872.0,872.0,GasA,Fa,N,FuseF,872,0,0,872,0.0,0.0,1,0,2,1,Fa,5,Mod,1,Gd,Detchd,1924.0,Unf,1.0,322.0,Fa,Fa,N,0,0,116,0,0,0,,,,0,4,2006,WD,Normal,114276.665
1355,2816,20,RL,,20355,Pave,,Reg,Low,AllPub,Inside,Mod,ClearCr,Norm,Norm,1Fam,1Story,7,6,1967,1967,Gable,Tar&Grv,Plywood,Plywood,BrkFace,123.0,TA,TA,CBlock,Gd,TA,Av,Rec,810.0,ALQ,826.0,229.0,1865.0,GasA,TA,Y,SBrkr,1830,0,0,1830,1.0,0.0,1,0,2,1,TA,6,Typ,2,Gd,Attchd,1967.0,Unf,2.0,521.0,TA,TA,Y,0,115,168,0,0,0,,,,0,6,2006,WD,Normal,212267.925
1356,2817,20,RL,87.0,13050,Pave,,Reg,Low,AllPub,Inside,Mod,ClearCr,Norm,Norm,1Fam,1Story,5,6,1963,1963,Flat,Tar&Grv,WdShing,Wd Shng,,0.0,TA,TA,CBlock,Gd,TA,Av,Rec,104.0,ALQ,850.0,46.0,1000.0,GasA,Ex,Y,SBrkr,1000,0,0,1000,1.0,0.0,1,0,1,1,TA,4,Typ,2,TA,Attchd,1993.0,Unf,2.0,575.0,TA,TA,Y,238,0,148,0,0,0,,,,0,4,2006,WD,Normal,158527.3
1357,2818,85,RL,72.0,10820,Pave,,Reg,Lvl,AllPub,Corner,Gtl,Sawyer,Feedr,Norm,1Fam,SFoyer,5,7,1971,1972,Gable,CompShg,HdBoard,HdBoard,BrkFace,153.0,TA,TA,PConc,Gd,TA,Av,GLQ,535.0,Rec,159.0,88.0,782.0,GasA,Ex,Y,SBrkr,810,0,0,810,1.0,0.0,1,0,2,1,TA,4,Typ,0,,Detchd,1973.0,Unf,2.0,576.0,TA,TA,Y,0,0,0,0,0,0,,MnPrv,,0,6,2006,WD,Normal,133961.265
1358,2819,150,RL,,1700,Pave,,Reg,HLS,AllPub,Inside,Gtl,ClearCr,Norm,Norm,Twnhs,1.5Fin,7,5,1980,1981,Gable,CompShg,VinylSd,VinylSd,,0.0,Gd,TA,PConc,Gd,TA,Mn,GLQ,397.0,Unf,0.0,33.0,430.0,GasA,TA,Y,SBrkr,880,680,140,1700,1.0,0.0,2,1,2,1,Gd,7,Typ,0,,Basment,1980.0,Fin,1.0,450.0,Gd,TA,Y,188,36,0,0,200,0,,,,0,4,2006,WD,Normal,170034.805
1359,2820,20,RL,75.0,9375,Pave,,Reg,Lvl,AllPub,Corner,Gtl,Edwards,Norm,Norm,1Fam,1Story,4,5,1954,1954,Gable,CompShg,MetalSd,MetalSd,,0.0,TA,Gd,CBlock,TA,TA,No,Rec,799.0,Unf,0.0,168.0,967.0,GasA,Ex,Y,SBrkr,1350,0,0,1350,0.0,0.0,1,1,3,1,TA,6,Typ,1,Gd,Attchd,1954.0,RFn,2.0,504.0,TA,TA,Y,237,0,0,0,0,0,,,,0,6,2006,WD,Normal,153240.17
1360,2821,50,RL,62.0,6488,Pave,,Reg,Lvl,AllPub,Inside,Gtl,Edwards,Norm,Norm,1Fam,1.5Fin,5,5,1942,1950,Gable,CompShg,BrkFace,Wd Sdng,,0.0,TA,TA,BrkTil,TA,TA,No,LwQ,230.0,Unf,0.0,569.0,799.0,GasA,Ex,N,FuseA,799,351,0,1150,0.0,0.0,1,0,3,1,TA,6,Mod,2,TA,BuiltIn,1942.0,Unf,1.0,215.0,TA,TA,Y,264,0,0,0,0,0,,,,0,3,2006,WD,Family,117749.015
1361,2822,70,RL,114.0,19950,Pave,,Reg,Lvl,AllPub,Corner,Gtl,Edwards,Norm,Norm,1Fam,2Story,6,7,1928,1950,Gable,CompShg,WdShing,Plywood,,0.0,TA,TA,PConc,TA,TA,No,Unf,0.0,Unf,0.0,672.0,672.0,GasA,Ex,Y,SBrkr,1337,672,0,2009,0.0,0.0,2,0,4,1,TA,8,Typ,2,Gd,2Types,1928.0,Unf,3.0,795.0,TA,TA,P,0,42,0,0,180,0,,,,0,12,2006,WD,Normal,197405.18
1362,2823,75,RL,60.0,19800,Pave,,Reg,Lvl,AllPub,Inside,Gtl,Edwards,Norm,Norm,1Fam,2.5Unf,6,8,1935,1990,Gable,CompShg,BrkFace,Wd Sdng,,0.0,TA,TA,BrkTil,TA,TA,No,Rec,425.0,Unf,0.0,1411.0,1836.0,GasA,Gd,Y,SBrkr,1836,1836,0,3672,0.0,0.0,3,1,5,1,Gd,7,Typ,2,Gd,Detchd,1993.0,Unf,2.0,836.0,TA,TA,Y,684,80,32,0,0,0,,,,0,12,2006,WD,Normal,260381.67
1363,2824,80,RL,78.0,11679,Pave,,IR1,Lvl,AllPub,Inside,Gtl,Edwards,Norm,Norm,1Fam,SLvl,5,5,1962,1962,Gable,CompShg,Plywood,Plywood,Stone,96.0,TA,TA,CBlock,TA,TA,Gd,ALQ,612.0,Rec,1164.0,0.0,1776.0,GasA,Ex,Y,SBrkr,1560,0,0,1560,0.0,1.0,2,0,3,1,TA,6,Min2,1,Fa,Attchd,1962.0,Fin,2.0,528.0,TA,TA,Y,453,253,144,0,0,0,,MnPrv,,0,5,2006,WD,Normal,182468.16
1364,2825,20,RL,80.0,12048,Pave,,Reg,Lvl,AllPub,Inside,Gtl,Edwards,Norm,Norm,1Fam,1Story,5,6,1952,2002,Gable,CompShg,Wd Sdng,Wd Sdng,BrkFace,232.0,TA,TA,Slab,,,,,0.0,,0.0,0.0,0.0,GasA,Gd,Y,SBrkr,1488,0,0,1488,0.0,0.0,1,0,3,1,TA,7,Typ,1,Ex,Attchd,2002.0,RFn,2.0,569.0,TA,TA,Y,0,189,36,0,348,0,,,,0,4,2006,WD,Normal,160654.335
1365,2826,20,RL,70.0,10519,Pave,,Reg,Lvl,AllPub,Inside,Gtl,Edwards,Norm,Norm,1Fam,1Story,5,8,1955,1999,Hip,CompShg,MetalSd,MetalSd,Stone,164.0,TA,TA,CBlock,TA,TA,Mn,Unf,0.0,Unf,0.0,1057.0,1057.0,GasA,Gd,Y,SBrkr,1057,0,0,1057,0.0,1.0,1,0,3,1,Gd,6,Typ,0,,Attchd,1955.0,Unf,1.0,288.0,TA,TA,Y,0,0,0,0,0,0,,,,0,3,2006,WD,Normal,135985.475
1366,2827,50,RL,75.0,9525,Pave,,Reg,Lvl,AllPub,Inside,Gtl,Edwards,Norm,Norm,1Fam,1.5Fin,6,5,1953,1953,Gable,CompShg,MetalSd,MetalSd,,0.0,TA,TA,CBlock,TA,TA,No,LwQ,468.0,Unf,0.0,532.0,1000.0,GasA,TA,Y,SBrkr,1068,541,0,1609,0.0,0.0,1,1,5,1,TA,7,Typ,0,,Attchd,1953.0,Unf,1.0,305.0,Fa,TA,Y,0,0,0,0,0,0,,,,0,7,2006,WD,Normal,138174.54
1367,2828,60,RL,88.0,12128,Pave,,IR1,Bnk,AllPub,Inside,Gtl,SawyerW,Norm,Norm,1Fam,2Story,6,4,1989,1989,Gable,CompShg,HdBoard,HdBoard,BrkFace,232.0,Gd,TA,CBlock,Gd,TA,No,ALQ,549.0,Unf,0.0,319.0,868.0,GasA,Ex,Y,SBrkr,1313,1246,0,2559,0.0,0.0,2,1,4,1,Ex,9,Typ,1,TA,Attchd,1989.0,RFn,2.0,506.0,TA,TA,Y,0,245,0,0,168,0,,MnPrv,,0,11,2006,WD,Abnorml,247385.01
1368,2829,90,RL,73.0,9069,Pave,,Reg,Lvl,AllPub,Inside,Gtl,SawyerW,Norm,Norm,Duplex,SFoyer,6,8,1993,1993,Gable,CompShg,HdBoard,HdBoard,,0.0,Gd,Gd,PConc,Gd,TA,Av,LwQ,261.0,GLQ,1083.0,0.0,1344.0,GasA,Gd,Y,SBrkr,1440,0,0,1440,2.0,0.0,2,0,2,2,Gd,8,Typ,0,,Attchd,1993.0,Unf,4.0,920.0,TA,TA,Y,288,0,0,0,0,0,,,,0,4,2006,WD,Normal,202559.435
1369,2830,60,RL,133.0,11003,Pave,,IR2,Lvl,AllPub,Inside,Gtl,CollgCr,Norm,Norm,1Fam,2Story,7,5,2005,2006,Gable,CompShg,VinylSd,VinylSd,,0.0,Gd,TA,PConc,Gd,TA,No,Unf,0.0,Unf,0.0,1308.0,1308.0,GasA,Ex,Y,SBrkr,1308,568,0,1876,0.0,0.0,2,1,3,1,Gd,7,Typ,0,,BuiltIn,2005.0,RFn,3.0,848.0,TA,TA,Y,0,40,0,0,0,0,,,,0,7,2006,New,Partial,230944.815
1370,2831,20,RL,64.0,7488,Pave,,IR1,Lvl,AllPub,Inside,Gtl,CollgCr,Norm,Norm,1Fam,1Story,7,5,2005,2005,Gable,CompShg,VinylSd,VinylSd,,0.0,Gd,TA,PConc,Gd,TA,Av,GLQ,393.0,Unf,0.0,815.0,1208.0,GasA,Ex,Y,SBrkr,1208,0,0,1208,0.0,0.0,2,0,2,1,Gd,6,Typ,0,,Attchd,2005.0,RFn,2.0,632.0,TA,TA,Y,105,58,0,0,0,0,,,,0,2,2006,WD,Abnorml,193170.095
1371,2832,20,RL,90.0,13377,Pave,,Reg,Lvl,AllPub,Corner,Gtl,CollgCr,Norm,Norm,1Fam,1Story,6,5,2006,2006,Hip,CompShg,VinylSd,VinylSd,,0.0,Gd,TA,PConc,Gd,TA,No,GLQ,1576.0,Unf,0.0,260.0,1836.0,GasA,Gd,Y,SBrkr,1846,0,0,1846,1.0,0.0,2,0,3,1,Gd,7,Typ,1,Gd,Attchd,2006.0,RFn,2.0,495.0,TA,TA,Y,0,32,0,0,0,0,,,,0,7,2006,New,Partial,249552.67
1372,2833,20,RL,78.0,11645,Pave,,Reg,Lvl,AllPub,Inside,Gtl,CollgCr,Norm,Norm,1Fam,1Story,8,5,2005,2006,Hip,CompShg,VinylSd,VinylSd,BrkFace,198.0,Gd,TA,PConc,Ex,TA,Gd,GLQ,1122.0,Unf,0.0,448.0,1570.0,GasA,Ex,Y,SBrkr,1590,0,0,1590,1.0,0.0,2,1,2,1,Ex,6,Typ,0,,Attchd,2005.0,Fin,3.0,754.0,TA,TA,Y,176,80,0,0,0,0,,,,0,8,2006,New,Partial,295881.26
1373,2834,60,RL,91.0,10984,Pave,,IR1,Lvl,AllPub,Corner,Gtl,CollgCr,Norm,Norm,1Fam,2Story,7,5,2005,2006,Gable,CompShg,VinylSd,VinylSd,,0.0,Gd,TA,PConc,Gd,TA,Gd,Unf,0.0,Unf,0.0,945.0,945.0,GasA,Ex,Y,SBrkr,945,864,0,1809,0.0,0.0,2,1,3,1,Gd,8,Typ,0,,Attchd,2005.0,RFn,2.0,638.0,TA,TA,Y,144,54,0,0,0,0,,,,0,5,2006,New,Partial,212671.115
1374,2835,20,RL,78.0,9316,Pave,,Reg,Lvl,AllPub,Inside,Gtl,CollgCr,Norm,Norm,1Fam,1Story,7,5,2005,2005,Gable,CompShg,VinylSd,VinylSd,BrkFace,140.0,Gd,TA,PConc,Gd,TA,Gd,GLQ,56.0,Unf,0.0,1558.0,1614.0,GasA,Ex,Y,SBrkr,1614,0,0,1614,0.0,0.0,2,0,3,1,Gd,7,Typ,1,Gd,Attchd,2005.0,Fin,2.0,576.0,TA,TA,Y,100,45,0,0,0,0,,,,0,3,2006,WD,Normal,219721.06
1375,2836,60,RL,78.0,9316,Pave,,IR1,Lvl,AllPub,Inside,Gtl,CollgCr,Norm,Norm,1Fam,2Story,7,5,2005,2005,Gable,CompShg,VinylSd,VinylSd,BrkFace,532.0,Gd,TA,PConc,Gd,TA,Av,Unf,0.0,Unf,0.0,784.0,784.0,GasA,Ex,Y,SBrkr,784,812,0,1596,0.0,0.0,2,1,3,1,Gd,6,Typ,0,,Attchd,2005.0,RFn,2.0,610.0,TA,TA,Y,144,45,0,0,0,0,,,,0,6,2006,WD,Normal,201438.315
1376,2837,20,RL,80.0,12000,Pave,,Reg,Lvl,AllPub,Inside,Gtl,ClearCr,Norm,Norm,1Fam,1Story,6,5,1968,1968,Gable,CompShg,Plywood,Plywood,,0.0,TA,Fa,CBlock,Gd,Fa,No,LwQ,853.0,Unf,0.0,535.0,1388.0,GasA,Gd,Y,SBrkr,1388,0,0,1388,1.0,0.0,2,0,3,1,TA,6,Typ,1,Po,Attchd,1968.0,RFn,2.0,522.0,TA,TA,Y,0,58,0,0,0,0,,,,0,7,2006,COD,Abnorml,162073.5
1377,2838,20,RL,95.0,13015,Pave,,Reg,Lvl,AllPub,Corner,Gtl,CollgCr,Norm,Norm,1Fam,1Story,5,6,1996,1996,Gable,CompShg,VinylSd,VinylSd,,0.0,TA,Gd,PConc,Gd,TA,No,Unf,0.0,Unf,0.0,1100.0,1100.0,GasA,Ex,Y,SBrkr,1100,0,0,1100,0.0,0.0,1,1,3,1,TA,5,Typ,0,,Attchd,1996.0,RFn,2.0,462.0,TA,TA,Y,0,0,0,0,0,0,,,,0,6,2006,WD,Normal,150888.225
1378,2839,60,RL,65.0,12438,Pave,,IR1,Lvl,AllPub,Inside,Gtl,CollgCr,PosN,Norm,1Fam,2Story,6,5,1995,1995,Gable,CompShg,VinylSd,VinylSd,BrkFace,68.0,Gd,TA,PConc,Gd,TA,No,Unf,0.0,Unf,0.0,781.0,781.0,GasA,Ex,Y,SBrkr,795,704,0,1499,0.0,0.0,2,1,3,1,Gd,6,Typ,1,TA,Attchd,1995.0,RFn,2.0,473.0,TA,TA,Y,413,91,0,0,0,0,,,,0,8,2006,WD,Normal,191040.89
1379,2840,20,RL,,8685,Pave,,IR1,Lvl,AllPub,CulDSac,Gtl,CollgCr,Norm,Norm,1Fam,1Story,7,5,1998,1998,Gable,CompShg,VinylSd,VinylSd,,0.0,TA,TA,PConc,Gd,TA,Mn,GLQ,846.0,Unf,0.0,579.0,1425.0,GasA,Ex,Y,SBrkr,1425,0,0,1425,1.0,0.0,2,0,3,1,TA,5,Typ,0,,Attchd,1998.0,RFn,2.0,591.0,TA,TA,Y,0,130,0,0,0,0,,,,0,5,2006,WD,Normal,190851.49
1380,2841,60,RL,68.0,9272,Pave,,IR1,Lvl,AllPub,Inside,Gtl,CollgCr,Norm,Norm,1Fam,2Story,7,5,1999,1999,Gable,CompShg,VinylSd,VinylSd,,0.0,Gd,TA,PConc,Gd,TA,No,GLQ,500.0,Unf,0.0,342.0,842.0,GasA,Ex,Y,SBrkr,856,893,0,1749,0.0,0.0,2,1,3,1,Gd,7,Typ,0,,Attchd,1999.0,RFn,2.0,515.0,TA,TA,Y,140,85,0,0,0,0,,,,0,6,2006,WD,Normal,203315.385
1381,2842,60,RL,72.0,13426,Pave,,IR1,Lvl,AllPub,Corner,Gtl,CollgCr,Norm,Norm,1Fam,2Story,7,5,1999,2000,Gable,CompShg,VinylSd,VinylSd,,0.0,Gd,TA,PConc,Gd,TA,Mn,GLQ,894.0,Unf,0.0,57.0,951.0,GasA,Ex,Y,SBrkr,951,828,0,1779,1.0,0.0,2,1,3,1,Gd,7,Typ,1,TA,Attchd,1999.0,Fin,2.0,586.0,TA,TA,Y,208,107,0,0,0,0,,,,0,9,2006,WD,Normal,222769.325
1382,2843,60,RL,50.0,8340,Pave,,IR1,Lvl,AllPub,Inside,Gtl,CollgCr,Norm,Norm,1Fam,2Story,6,6,1977,1977,Gable,CompShg,HdBoard,Plywood,BrkFace,62.0,TA,TA,CBlock,Gd,TA,Av,GLQ,509.0,Unf,0.0,166.0,675.0,GasA,TA,Y,SBrkr,686,702,0,1388,0.0,0.0,1,1,3,1,TA,6,Typ,0,,Attchd,1977.0,Unf,1.0,317.0,TA,TA,Y,406,36,0,0,0,0,,,,0,12,2006,WD,Normal,149602.51
1383,2844,80,RL,42.0,10385,Pave,,IR1,Lvl,AllPub,CulDSac,Gtl,CollgCr,Norm,Norm,1Fam,SLvl,6,6,1978,1978,Gable,CompShg,HdBoard,HdBoard,BrkFace,123.0,TA,TA,CBlock,TA,Gd,Av,ALQ,595.0,LwQ,400.0,0.0,995.0,GasA,TA,Y,SBrkr,1282,0,0,1282,0.0,1.0,2,0,3,1,TA,6,Typ,0,,Detchd,1989.0,Unf,3.0,672.0,Fa,TA,Y,386,0,0,0,0,0,,,,0,4,2006,WD,Normal,154166.23
1384,2845,20,RL,60.0,7200,Pave,,Reg,Low,AllPub,Inside,Gtl,CollgCr,Norm,Norm,1Fam,1Story,5,8,1972,1972,Gable,CompShg,VinylSd,VinylSd,,0.0,TA,TA,CBlock,TA,TA,No,BLQ,437.0,Unf,0.0,427.0,864.0,GasA,Ex,Y,SBrkr,864,0,0,864,0.0,0.0,1,0,3,1,TA,5,Typ,0,,Detchd,1977.0,Unf,1.0,297.0,TA,TA,Y,0,0,0,0,0,0,,MnPrv,,0,3,2006,WD,Normal,122696.09
1385,2846,60,RL,,9930,Pave,,IR1,Lvl,AllPub,Inside,Gtl,CollgCr,Norm,Norm,1Fam,2Story,7,5,2002,2002,Gable,CompShg,VinylSd,VinylSd,BrkFace,199.0,Gd,TA,PConc,Gd,TA,No,GLQ,456.0,Unf,0.0,370.0,826.0,GasA,Ex,Y,SBrkr,878,884,0,1762,0.0,0.0,2,1,3,1,Gd,6,Typ,0,,Attchd,2002.0,Fin,2.0,591.0,TA,TA,Y,320,54,0,0,0,0,,,,0,7,2006,WD,Normal,214479.425
1386,2847,60,RL,45.0,9468,Pave,,IR2,Lvl,AllPub,CulDSac,Gtl,CollgCr,Norm,Norm,1Fam,2Story,6,5,1999,1999,Gable,CompShg,VinylSd,VinylSd,BrkFace,148.0,TA,TA,PConc,Gd,TA,Mn,GLQ,639.0,Unf,0.0,201.0,840.0,GasA,Ex,Y,SBrkr,840,915,0,1755,1.0,0.0,2,1,3,1,TA,7,Typ,1,TA,Attchd,1999.0,RFn,2.0,530.0,TA,TA,Y,176,73,0,0,0,0,,,,0,8,2006,WD,Normal,201621.815
1387,2848,20,RL,,11088,Pave,,Reg,Lvl,AllPub,Corner,Gtl,CollgCr,Norm,Norm,1Fam,1Story,8,5,2002,2002,Hip,CompShg,Stucco,Stucco,,0.0,Gd,TA,PConc,Gd,TA,No,GLQ,872.0,Unf,0.0,476.0,1348.0,GasA,Ex,Y,SBrkr,1358,0,0,1358,1.0,0.0,1,1,1,1,Gd,5,Typ,1,TA,Attchd,2002.0,Unf,2.0,418.0,TA,TA,Y,68,166,0,0,0,0,,,,0,6,2006,WD,Normal,208969.6
1388,2849,60,RL,70.0,8726,Pave,,Reg,Lvl,AllPub,Inside,Gtl,CollgCr,Norm,Norm,1Fam,2Story,7,5,2002,2002,Gable,CompShg,VinylSd,VinylSd,,0.0,Gd,TA,PConc,Gd,TA,No,Unf,0.0,Unf,0.0,872.0,872.0,GasA,Ex,Y,SBrkr,872,1037,0,1909,0.0,0.0,2,1,4,1,Gd,8,Typ,0,,BuiltIn,2002.0,RFn,2.0,529.0,TA,TA,Y,0,108,0,0,0,0,,,,0,9,2006,WD,Normal,204086.79
1389,2850,60,RL,67.0,10566,Pave,,IR1,Lvl,AllPub,Inside,Gtl,CollgCr,Norm,Norm,1Fam,2Story,8,5,1999,1999,Gable,CompShg,VinylSd,VinylSd,BrkFace,261.0,Gd,TA,PConc,Gd,TA,Av,GLQ,920.0,Unf,0.0,170.0,1090.0,GasA,Ex,Y,SBrkr,1090,1124,0,2214,1.0,0.0,2,1,3,1,Gd,8,Typ,1,TA,Attchd,1999.0,Fin,3.0,646.0,TA,TA,Y,197,80,0,0,0,0,,,,0,7,2006,WD,Normal,271005.665
1390,2851,60,RL,,21533,Pave,,IR2,Lvl,AllPub,FR2,Gtl,CollgCr,Feedr,Norm,1Fam,2Story,7,5,1996,1997,Gable,CompShg,VinylSd,VinylSd,,0.0,Gd,TA,PConc,Gd,TA,No,Unf,0.0,Unf,0.0,1065.0,1065.0,GasA,Ex,Y,SBrkr,1065,984,0,2049,0.0,0.0,2,1,4,1,Gd,9,Typ,1,TA,Attchd,1997.0,Unf,2.0,467.0,TA,TA,Y,120,48,0,0,0,0,,,,0,8,2006,WD,Normal,225262.185
1391,2852,60,RL,90.0,11250,Pave,,IR1,Lvl,AllPub,Corner,Gtl,CollgCr,Norm,Norm,1Fam,2Story,7,5,1998,1998,Gable,CompShg,VinylSd,VinylSd,BrkFace,227.0,TA,TA,PConc,Gd,TA,Mn,ALQ,796.0,Unf,0.0,258.0,1054.0,GasA,Ex,Y,SBrkr,1070,869,0,1939,0.0,1.0,2,1,3,1,Gd,8,Typ,1,TA,Attchd,1998.0,RFn,3.0,555.0,TA,TA,Y,128,84,0,0,0,0,,,,0,5,2006,WD,Normal,233126.955
1392,2853,60,RL,90.0,11250,Pave,,Reg,Lvl,AllPub,Corner,Gtl,CollgCr,Norm,Norm,1Fam,2Story,7,5,1995,1996,Gable,CompShg,VinylSd,VinylSd,,0.0,Gd,Gd,PConc,Gd,Gd,Av,GLQ,685.0,Unf,0.0,245.0,930.0,GasA,Ex,Y,SBrkr,950,1045,0,1995,1.0,0.0,2,1,4,1,Gd,8,Typ,1,TA,Attchd,1995.0,RFn,2.0,610.0,TA,TA,Y,275,170,0,0,0,0,,,,0,7,2006,WD,Normal,240053.52
1393,2854,120,RM,37.0,4435,Pave,,Reg,Lvl,AllPub,Inside,Gtl,CollgCr,Norm,Norm,TwnhsE,1Story,6,5,2003,2003,Gable,CompShg,VinylSd,VinylSd,BrkFace,170.0,Gd,TA,PConc,Gd,TA,Av,GLQ,717.0,Unf,0.0,131.0,848.0,GasA,Ex,Y,SBrkr,848,0,0,848,1.0,0.0,1,0,1,1,Gd,4,Typ,0,,Attchd,2003.0,Fin,2.0,420.0,TA,TA,Y,140,0,0,0,0,0,,,,0,4,2006,WD,Normal,139814.86
1394,2855,20,RL,70.0,8810,Pave,,Reg,Lvl,AllPub,Inside,Gtl,CollgCr,Norm,Norm,1Fam,1Story,7,5,2003,2003,Gable,CompShg,VinylSd,VinylSd,,0.0,Gd,TA,PConc,Gd,TA,No,GLQ,1000.0,Unf,0.0,390.0,1390.0,GasA,Ex,Y,SBrkr,1390,0,0,1390,1.0,0.0,2,0,3,1,Gd,7,Typ,0,,Attchd,2003.0,RFn,2.0,545.0,TA,TA,Y,0,68,0,0,0,0,,,,0,3,2006,WD,Normal,205321.06
1395,2856,60,RL,74.0,8581,Pave,,IR1,Lvl,AllPub,Inside,Gtl,CollgCr,Norm,Norm,1Fam,2Story,7,5,2006,2006,Gable,CompShg,VinylSd,VinylSd,,0.0,Gd,TA,PConc,Gd,Gd,Mn,Unf,0.0,Unf,0.0,851.0,851.0,GasA,Ex,Y,SBrkr,851,886,0,1737,0.0,0.0,2,1,3,1,Gd,7,Typ,0,,Attchd,2006.0,RFn,2.0,578.0,TA,TA,Y,0,105,0,0,0,0,,,,0,8,2006,New,Partial,208416.06
1396,2857,60,RL,70.0,8400,Pave,,Reg,Lvl,AllPub,Inside,Gtl,CollgCr,Norm,Norm,1Fam,2Story,7,5,2005,2005,Gable,CompShg,VinylSd,VinylSd,,0.0,Gd,TA,PConc,Gd,TA,Av,Unf,0.0,Unf,0.0,784.0,784.0,GasA,Ex,Y,SBrkr,784,827,0,1611,0.0,0.0,2,1,3,1,Gd,6,Typ,0,,Attchd,2005.0,RFn,2.0,572.0,TA,TA,Y,144,36,0,0,0,0,,,,0,3,2006,WD,Normal,191711.24
1397,2858,20,RL,65.0,8772,Pave,,Reg,Lvl,AllPub,FR2,Gtl,CollgCr,Norm,Norm,1Fam,1Story,7,5,2005,2006,Gable,CompShg,VinylSd,VinylSd,,0.0,Gd,TA,PConc,Gd,TA,Mn,GLQ,996.0,Unf,0.0,340.0,1336.0,GasA,Ex,Y,SBrkr,1336,0,0,1336,1.0,0.0,2,0,3,1,Gd,6,Typ,0,,Attchd,2005.0,Unf,2.0,502.0,TA,TA,Y,136,43,0,0,0,0,,,,0,9,2006,New,Partial,200327.805
1398,2859,70,RL,67.0,8777,Pave,,Reg,Bnk,AllPub,Inside,Gtl,Edwards,Feedr,Norm,1Fam,2Story,4,6,1910,2000,Gable,CompShg,Plywood,Plywood,,0.0,TA,Gd,CBlock,Gd,TA,No,Rec,173.0,BLQ,337.0,166.0,676.0,GasA,Gd,Y,SBrkr,760,676,0,1436,1.0,0.0,2,0,3,1,TA,6,Min1,0,,Attchd,1950.0,Unf,2.0,528.0,TA,TA,Y,147,0,0,0,0,0,,,Shed,420,10,2006,WD,Normal,142505.815
1399,2860,90,RL,38.0,7840,Pave,,IR1,Lvl,AllPub,CulDSac,Gtl,Edwards,Norm,Norm,Duplex,SFoyer,6,5,1975,1975,Flat,Tar&Grv,Plywood,Wd Shng,BrkFace,355.0,TA,TA,CBlock,Gd,TA,Gd,GLQ,976.0,Unf,0.0,0.0,976.0,GasA,TA,Y,SBrkr,1012,0,0,1012,0.0,2.0,2,0,4,0,TA,4,Typ,0,,,,,0.0,0.0,,,Y,0,0,0,0,0,0,,,,0,10,2006,WD,AdjLand,126472.465
1400,2861,20,RL,73.0,16133,Pave,,Reg,HLS,AllPub,Inside,Gtl,Edwards,Norm,Norm,1Fam,1Story,5,4,1969,1969,Gable,CompShg,HdBoard,Plywood,,0.0,TA,TA,CBlock,Gd,TA,Mn,ALQ,847.0,Unf,0.0,329.0,1176.0,GasA,TA,Y,SBrkr,1176,0,0,1176,1.0,0.0,1,0,2,1,TA,5,Typ,0,,Attchd,1969.0,Unf,1.0,360.0,TA,TA,Y,0,92,0,0,112,0,,,,0,12,2006,WD,Abnorml,137845.75
1401,2862,60,RL,62.0,7162,Pave,,Reg,Lvl,AllPub,Inside,Gtl,Edwards,Norm,Norm,1Fam,2Story,7,5,2003,2004,Hip,CompShg,HdBoard,Stucco,BrkFace,190.0,Gd,TA,PConc,Gd,TA,No,Unf,0.0,Unf,0.0,796.0,796.0,GasA,Ex,Y,SBrkr,806,918,0,1724,0.0,0.0,2,1,3,1,Gd,8,Typ,1,Gd,BuiltIn,2003.0,Fin,2.0,616.0,TA,TA,Y,168,57,0,0,0,0,,,,0,5,2006,WD,Normal,209073.17
1402,2863,20,RL,75.0,8050,Pave,,Reg,Lvl,AllPub,Inside,Gtl,Edwards,Norm,Norm,1Fam,1Story,6,5,2002,2002,Gable,CompShg,VinylSd,VinylSd,,,TA,TA,PConc,Gd,TA,Av,GLQ,475.0,ALQ,297.0,142.0,914.0,GasA,Ex,Y,SBrkr,914,0,0,914,1.0,0.0,1,0,2,1,Gd,4,Typ,0,,,,,0.0,0.0,,,N,32,0,0,0,0,0,,,,0,4,2006,WD,Normal,125957.175
1403,2864,60,RL,90.0,11060,Pave,,IR1,Lvl,AllPub,Corner,Gtl,Edwards,Norm,Norm,1Fam,2Story,7,5,2003,2005,Gable,CompShg,VinylSd,VinylSd,,0.0,Gd,TA,PConc,Ex,TA,No,Unf,0.0,Unf,0.0,1150.0,1150.0,GasA,Ex,Y,SBrkr,1164,1150,0,2314,0.0,0.0,2,1,3,1,Gd,9,Typ,1,Ex,BuiltIn,2003.0,Fin,2.0,502.0,TA,TA,Y,0,274,0,0,0,0,,,,0,2,2006,ConLD,Normal,251348.955
1404,2865,180,RM,35.0,3675,Pave,,Reg,Lvl,AllPub,Inside,Gtl,Edwards,Norm,Norm,TwnhsE,SFoyer,6,5,2005,2006,Gable,CompShg,VinylSd,VinylSd,BrkFace,82.0,TA,TA,PConc,Gd,TA,Gd,GLQ,547.0,Unf,0.0,0.0,547.0,GasA,Gd,Y,SBrkr,1072,0,0,1072,1.0,0.0,1,0,2,1,TA,5,Typ,0,,Basment,2005.0,Fin,2.0,525.0,TA,TA,Y,0,44,0,0,0,0,,,,0,10,2006,New,Partial,143928.8
1405,2866,160,RM,24.0,2522,Pave,,Reg,Lvl,AllPub,Inside,Gtl,Edwards,Norm,Norm,Twnhs,2Story,7,5,2004,2004,Gable,CompShg,VinylSd,VinylSd,Stone,50.0,Gd,TA,PConc,Gd,TA,No,Unf,0.0,Unf,0.0,970.0,970.0,GasA,Ex,Y,SBrkr,970,739,0,1709,0.0,0.0,2,0,3,1,Gd,7,Maj1,0,,Detchd,2004.0,Unf,2.0,380.0,TA,TA,Y,0,40,0,0,0,0,,,,0,5,2006,WD,Normal,134801.0
1406,2867,50,RL,56.0,6956,Pave,,Reg,Lvl,AllPub,Inside,Gtl,Edwards,Norm,Norm,1Fam,1.5Fin,4,7,1948,1950,Gable,CompShg,VinylSd,VinylSd,,0.0,TA,Gd,CBlock,Fa,TA,Mn,Unf,0.0,Unf,0.0,624.0,624.0,GasA,Ex,Y,SBrkr,624,312,0,936,0.0,0.0,1,0,3,1,TA,5,Typ,0,,Attchd,1948.0,Unf,1.0,265.0,TA,Po,Y,0,0,0,0,0,0,,,,0,4,2006,WD,Normal,107411.31
1407,2868,50,RL,72.0,7822,Pave,,Reg,Bnk,AllPub,Corner,Gtl,Edwards,Artery,Norm,1Fam,1.5Fin,6,3,1915,1950,Gable,CompShg,AsbShng,AsbShng,,0.0,TA,Fa,BrkTil,Fa,Fa,No,Unf,0.0,Unf,0.0,832.0,832.0,GasA,TA,Y,FuseF,846,492,0,1338,0.0,0.0,2,0,3,1,TA,7,Typ,0,,Detchd,1974.0,Unf,2.0,528.0,TA,TA,N,0,0,208,0,0,0,,GdPrv,,0,5,2006,WD,AdjLand,119843.455
1408,2869,50,RL,62.0,8707,Pave,,Reg,Lvl,AllPub,FR2,Gtl,Edwards,Feedr,Norm,1Fam,1.5Fin,4,5,1924,1950,Gable,CompShg,Wd Sdng,Wd Sdng,,0.0,TA,TA,BrkTil,TA,TA,No,Unf,0.0,Unf,0.0,1093.0,1093.0,GasA,TA,N,FuseF,1093,576,0,1669,0.0,0.0,1,1,4,1,TA,9,Min2,0,,Attchd,1924.0,Unf,1.0,288.0,Fa,TA,Y,0,0,56,0,0,0,,,,0,5,2006,WD,AdjLand,125513.515
1409,2870,20,RL,60.0,16012,Pave,,IR1,Lvl,AllPub,Inside,Gtl,Edwards,Norm,Norm,1Fam,1Story,4,4,1954,1968,Hip,CompShg,Wd Sdng,Wd Sdng,BrkFace,60.0,TA,TA,CBlock,TA,TA,No,Rec,691.0,Unf,0.0,263.0,954.0,GasA,Ex,Y,SBrkr,1482,0,0,1482,0.0,1.0,2,0,3,1,TA,6,Min1,1,Gd,2Types,1956.0,Unf,2.0,609.0,TA,TA,Y,0,30,0,0,0,0,,MnPrv,,0,10,2006,WD,Abnorml,152368.61
1410,2871,50,RL,45.0,8248,Pave,Grvl,Reg,Lvl,AllPub,Inside,Gtl,Edwards,Norm,Norm,1Fam,1.5Fin,4,4,1922,1950,Gable,CompShg,Wd Sdng,Wd Sdng,,0.0,TA,TA,BrkTil,TA,TA,No,Unf,0.0,Unf,0.0,864.0,864.0,GasA,TA,N,SBrkr,964,0,450,1414,0.0,0.0,1,0,3,1,TA,8,Typ,1,Gd,,,,0.0,0.0,,,N,0,0,112,0,0,0,,,,0,9,2006,COD,Abnorml,105898.3
1411,2872,30,RL,60.0,8088,Pave,Grvl,Reg,Lvl,AllPub,Inside,Gtl,Edwards,Feedr,Norm,1Fam,1Story,2,3,1922,1955,Gable,CompShg,MetalSd,MetalSd,,0.0,TA,TA,BrkTil,TA,TA,No,Unf,0.0,Unf,0.0,498.0,498.0,GasA,TA,N,FuseF,498,0,0,498,0.0,0.0,1,0,1,1,TA,3,Typ,0,,Detchd,1922.0,Unf,1.0,216.0,Fa,Fa,N,0,0,100,0,0,0,,,,0,2,2006,ConLD,Normal,81318.79
1412,2873,50,RL,76.0,11388,Pave,,Reg,Low,AllPub,Inside,Mod,Edwards,Norm,Norm,1Fam,1.5Fin,4,7,1910,1993,Gable,CompShg,VinylSd,Wd Sdng,,0.0,TA,TA,BrkTil,TA,TA,No,Unf,0.0,Unf,0.0,616.0,616.0,GasA,TA,N,SBrkr,1055,218,0,1273,0.0,0.0,1,0,3,1,Gd,5,Min2,0,,Detchd,1910.0,Unf,1.0,275.0,TA,Fa,N,212,0,0,0,0,0,,,,0,9,2006,WD,Normal,116359.12
1413,2874,50,RL,60.0,10890,Pave,,Reg,Lvl,AllPub,Inside,Gtl,SWISU,Norm,Norm,1Fam,1.5Fin,5,5,1938,1950,Gable,CompShg,MetalSd,MetalSd,,0.0,TA,TA,BrkTil,Fa,TA,No,LwQ,930.0,Unf,0.0,128.0,1058.0,GasA,TA,Y,SBrkr,1058,493,0,1551,1.0,0.0,2,0,3,1,Fa,6,Typ,0,,Detchd,1938.0,Unf,1.0,240.0,Fa,TA,Y,0,0,0,0,0,0,,MnPrv,,0,7,2006,WD,Normal,134688.82
1414,2875,190,RH,58.0,6430,Pave,,Reg,Bnk,AllPub,Corner,Gtl,SWISU,Feedr,Norm,2fmCon,1.5Fin,6,6,1945,1950,Gable,CompShg,Wd Sdng,Wd Sdng,,0.0,TA,TA,CBlock,TA,TA,Av,BLQ,780.0,Unf,0.0,0.0,780.0,GasA,TA,N,FuseF,816,524,0,1340,1.0,0.0,1,0,3,1,TA,6,Typ,0,,Attchd,1945.0,Unf,1.0,440.0,TA,TA,Y,0,0,0,0,0,0,,,,0,7,2006,WD,Abnorml,116627.28
1415,2876,70,RL,43.0,7000,Pave,,Reg,Lvl,AllPub,Inside,Gtl,SWISU,Feedr,Norm,1Fam,2Story,7,8,1926,1997,Gable,CompShg,Wd Sdng,Stucco,,0.0,TA,TA,BrkTil,TA,TA,No,ALQ,424.0,Unf,0.0,200.0,624.0,GasA,Ex,Y,SBrkr,743,736,0,1479,1.0,0.0,1,0,3,1,Gd,6,Typ,2,Gd,Detchd,1926.0,Unf,1.0,312.0,TA,TA,Y,530,0,56,0,0,0,,MnPrv,,0,5,2006,WD,Normal,162374.84
1416,2877,70,RL,69.0,4899,Pave,,Reg,HLS,AllPub,Corner,Gtl,SWISU,Norm,Norm,1Fam,2Story,6,8,1920,1950,Gable,CompShg,MetalSd,MetalSd,,0.0,TA,TA,PConc,TA,TA,No,BLQ,305.0,Unf,0.0,450.0,755.0,GasA,Ex,Y,SBrkr,755,755,0,1510,0.0,0.0,1,0,3,1,TA,6,Typ,0,,Detchd,1920.0,Unf,1.0,216.0,TA,TA,Y,0,0,164,0,0,0,,,,0,6,2006,WD,Normal,139092.69
1417,2878,70,RL,54.0,9399,Pave,,Reg,Bnk,AllPub,Inside,Gtl,Crawfor,Norm,Norm,1Fam,2.5Unf,7,8,1919,1950,Gable,CompShg,MetalSd,Stucco,,0.0,TA,TA,BrkTil,TA,TA,Mn,Unf,0.0,Unf,0.0,818.0,818.0,GasA,TA,Y,SBrkr,818,818,0,1636,0.0,0.0,1,1,4,1,Gd,7,Typ,1,Gd,Detchd,1919.0,Unf,1.0,288.0,Fa,TA,N,0,0,212,0,0,0,,,,0,9,2006,WD,Abnorml,159806.055
1418,2879,50,RL,84.0,10164,Pave,,Reg,Bnk,AllPub,Inside,Gtl,SWISU,Norm,Norm,1Fam,1.5Fin,5,5,1939,1950,Gable,CompShg,VinylSd,VinylSd,,0.0,TA,TA,CBlock,TA,Fa,Av,LwQ,646.0,Unf,0.0,346.0,992.0,GasA,Fa,Y,SBrkr,992,473,0,1465,0.0,0.0,2,0,3,1,TA,6,Typ,2,TA,Detchd,1939.0,Unf,1.0,240.0,TA,TA,Y,0,126,0,0,0,0,,,,0,7,2006,WD,Normal,138912.585
1419,2880,50,RL,51.0,6191,Pave,,Reg,Lvl,AllPub,Corner,Gtl,SWISU,Norm,Norm,1Fam,1.5Fin,5,4,1941,1950,Gable,CompShg,Wd Sdng,Wd Sdng,,0.0,TA,TA,CBlock,Fa,Fa,No,LwQ,384.0,Unf,0.0,440.0,824.0,GasA,TA,N,SBrkr,824,464,0,1288,0.0,0.0,1,0,4,1,TA,6,Typ,0,,Detchd,1941.0,Unf,1.0,240.0,TA,TA,Y,0,0,0,0,0,0,,,,0,11,2006,WD,Normal,105665.75
1420,2881,50,RL,66.0,21780,Pave,,Reg,Lvl,AllPub,Inside,Gtl,Crawfor,Norm,Norm,1Fam,2Story,6,5,1920,1950,Gable,CompShg,Wd Sdng,Wd Shng,,0.0,TA,TA,PConc,TA,Fa,No,Unf,0.0,Unf,0.0,817.0,817.0,GasA,Gd,Y,FuseF,940,610,0,1550,0.0,0.0,1,1,3,1,TA,7,Min2,1,TA,Detchd,1937.0,Unf,1.0,318.0,TA,TA,P,0,0,429,0,0,0,,MnPrv,,0,9,2006,WD,Normal,153787.355
1421,2882,50,RL,80.0,12400,Pave,,Reg,HLS,AllPub,Inside,Mod,Crawfor,Norm,Norm,1Fam,1.5Fin,5,6,1940,1950,Gable,CompShg,Wd Sdng,Wd Sdng,,0.0,TA,TA,CBlock,Gd,TA,Mn,BLQ,602.0,Unf,0.0,299.0,901.0,GasA,TA,Y,SBrkr,1125,592,0,1717,0.0,0.0,1,1,2,1,TA,7,Typ,1,Gd,Attchd,1940.0,Unf,1.0,410.0,TA,TA,Y,0,0,0,0,113,0,,,,0,2,2006,WD,Normal,164088.205
1422,2883,50,RL,81.0,8170,Pave,,IR1,Lvl,AllPub,Inside,Gtl,Crawfor,Norm,Norm,1Fam,1.5Fin,7,7,1929,1950,Gable,CompShg,Stucco,Wd Sdng,BrkFace,270.0,Gd,Gd,BrkTil,TA,TA,No,ALQ,526.0,Unf,0.0,496.0,1022.0,GasA,Ex,Y,FuseA,1122,549,0,1671,0.0,0.0,2,0,4,1,TA,7,Typ,1,Gd,Detchd,1963.0,Unf,2.0,451.0,TA,TA,Y,0,0,0,0,0,0,,,,0,2,2006,WD,Normal,168152.725
1423,2884,70,RL,70.0,12320,Pave,,IR1,HLS,AllPub,Inside,Gtl,Crawfor,Norm,Norm,1Fam,2Story,7,7,1932,1990,Gable,CompShg,Wd Sdng,Wd Sdng,,0.0,TA,TA,BrkTil,TA,TA,No,Unf,0.0,Unf,0.0,637.0,637.0,GasA,Ex,Y,SBrkr,959,650,0,1609,0.0,0.0,1,1,3,1,Gd,8,Typ,2,Gd,2Types,1963.0,Unf,3.0,579.0,TA,TA,Y,0,0,0,0,104,0,,GdWo,,0,5,2006,WD,Normal,183869.82
1424,2885,70,RL,70.0,14210,Pave,,IR1,Lvl,AllPub,Inside,Gtl,Crawfor,Norm,Norm,1Fam,2Story,6,7,1930,1959,Gable,CompShg,Wd Sdng,Wd Sdng,,0.0,TA,TA,PConc,TA,TA,No,Unf,0.0,Unf,0.0,697.0,697.0,GasA,Ex,Y,SBrkr,1104,697,0,1801,0.0,0.0,1,1,3,1,TA,8,Typ,1,Gd,Attchd,1930.0,Unf,2.0,365.0,Fa,TA,Y,0,90,0,0,0,0,,MnPrv,,0,11,2006,WD,Normal,174061.12
1425,2886,60,RL,78.0,15600,Pave,,Reg,Lvl,AllPub,Inside,Gtl,Crawfor,Norm,Norm,1Fam,2Story,5,7,1950,1963,Gable,CompShg,Wd Sdng,Wd Sdng,BrkFace,405.0,TA,Gd,CBlock,Gd,TA,No,GLQ,760.0,Unf,0.0,408.0,1168.0,GasA,Gd,Y,SBrkr,1278,1037,0,2315,1.0,0.0,2,0,4,1,TA,9,Typ,3,Gd,Attchd,1950.0,Fin,1.0,342.0,TA,TA,Y,0,0,0,0,192,0,,,,0,7,2006,WD,Normal,200129.765
1426,2887,30,RM,50.0,7288,Pave,,Reg,Lvl,AllPub,Inside,Gtl,IDOTRR,Artery,Norm,1Fam,1Story,5,6,1942,1950,Gable,CompShg,MetalSd,MetalSd,,0.0,TA,TA,CBlock,TA,TA,Mn,Rec,305.0,Unf,0.0,671.0,976.0,GasA,TA,N,SBrkr,976,0,0,976,1.0,0.0,1,0,2,1,TA,5,Typ,0,,Detchd,1942.0,Unf,1.0,215.0,TA,TA,N,160,0,0,0,0,0,,,,0,8,2006,WD,AdjLand,106151.285
1427,2888,50,RM,50.0,7000,Pave,,Reg,Lvl,AllPub,Inside,Gtl,IDOTRR,Norm,Norm,1Fam,1.5Fin,6,7,1926,1950,Hip,CompShg,MetalSd,MetalSd,,0.0,TA,TA,PConc,TA,TA,No,ALQ,374.0,Unf,0.0,487.0,861.0,GasA,Ex,Y,SBrkr,861,424,0,1285,0.0,1.0,1,0,3,1,TA,6,Typ,0,,Detchd,1950.0,Fin,2.0,506.0,TA,TA,Y,96,0,132,0,0,0,,MnPrv,,0,5,2006,WD,Normal,125897.995
1428,2889,30,RM,61.0,8534,Pave,,Reg,Low,AllPub,Inside,Gtl,IDOTRR,Norm,Norm,1Fam,1Story,4,4,1925,1950,Gable,CompShg,Wd Sdng,Wd Sdng,,0.0,TA,TA,BrkTil,Fa,TA,No,Unf,0.0,Unf,0.0,432.0,432.0,GasA,TA,N,FuseA,672,0,0,672,0.0,0.0,1,0,2,1,TA,4,Min1,0,,,,,0.0,0.0,,,N,0,0,112,0,0,0,,GdWo,,0,6,2006,WD,Normal,72024.75
1429,2890,30,RM,50.0,7030,Pave,,Reg,Lvl,AllPub,Inside,Gtl,IDOTRR,Norm,Norm,1Fam,1Story,4,6,1925,1950,Gable,CompShg,MetalSd,MetalSd,,0.0,TA,TA,BrkTil,TA,TA,No,Unf,0.0,Unf,0.0,641.0,641.0,GasA,Gd,Y,SBrkr,641,0,0,641,0.0,0.0,1,0,2,1,Fa,4,Typ,0,,Detchd,1925.0,Unf,1.0,272.0,TA,TA,N,184,0,70,0,0,0,,MnPrv,,0,3,2006,WD,Normal,100711.75
1430,2891,50,RM,75.0,9060,Pave,,Reg,Lvl,AllPub,Inside,Gtl,IDOTRR,Norm,Norm,1Fam,1.5Fin,6,5,1957,1957,Gable,CompShg,MetalSd,MetalSd,BrkFace,327.0,TA,TA,CBlock,TA,TA,No,Unf,0.0,Unf,0.0,967.0,967.0,GasA,Gd,Y,SBrkr,967,671,0,1638,0.0,0.0,2,0,4,1,Gd,6,Typ,0,,Detchd,1957.0,Unf,1.0,384.0,TA,TA,Y,0,21,0,0,0,0,,,,0,4,2006,WD,Normal,137367.325
1431,2892,30,C (all),69.0,12366,Pave,,Reg,Lvl,AllPub,Inside,Gtl,IDOTRR,Feedr,Norm,1Fam,1Story,3,5,1945,1950,Gable,CompShg,Wd Sdng,Wd Sdng,,0.0,TA,TA,Slab,,,,,0.0,,0.0,0.0,0.0,GasA,TA,N,SBrkr,729,0,0,729,0.0,0.0,1,0,2,1,TA,5,Mod,0,,,,,0.0,0.0,,,N,0,0,23,0,0,0,,,,0,10,2006,WD,Abnorml,79338.0
1432,2893,190,C (all),50.0,9000,Pave,,Reg,Lvl,AllPub,Inside,Gtl,IDOTRR,Norm,Norm,2fmCon,1.5Fin,5,6,1951,1951,Gable,CompShg,WdShing,Wd Shng,,0.0,Fa,Fa,CBlock,TA,TA,Mn,Unf,0.0,Unf,0.0,660.0,660.0,GasA,TA,N,SBrkr,1060,336,0,1396,0.0,0.0,2,0,4,2,TA,8,Min2,0,,,,,0.0,0.0,,,Y,0,0,0,0,0,0,,,,0,10,2006,WD,Abnorml,109995.345
1433,2894,50,C (all),60.0,8520,Grvl,,Reg,Bnk,AllPub,Inside,Gtl,IDOTRR,Norm,Norm,1Fam,1.5Fin,3,5,1916,1950,Gable,CompShg,MetalSd,MetalSd,,0.0,TA,TA,PConc,Fa,Fa,No,Unf,0.0,Unf,0.0,216.0,216.0,GasA,Fa,N,SBrkr,576,360,0,936,0.0,0.0,1,0,2,1,TA,6,Typ,0,,,,,0.0,0.0,,,N,0,0,0,0,0,0,,,,0,4,2006,WD,Normal,79495.02
1434,2895,120,RM,41.0,5748,Pave,,IR1,HLS,AllPub,Inside,Mod,Crawfor,Norm,Norm,TwnhsE,1Story,8,5,2005,2006,Hip,CompShg,CemntBd,CmentBd,Stone,473.0,Gd,TA,PConc,Ex,TA,Gd,GLQ,1573.0,Unf,0.0,0.0,1573.0,GasA,Ex,Y,SBrkr,1778,0,0,1778,2.0,0.0,2,0,2,1,Ex,5,Typ,1,Gd,Attchd,2005.0,Fin,2.0,495.0,TA,TA,Y,123,53,0,0,153,0,,,,0,2,2006,New,Partial,305527.16
1435,2896,120,RM,44.0,3842,Pave,,IR1,HLS,AllPub,Inside,Mod,Crawfor,Norm,Norm,TwnhsE,1Story,8,5,2004,2005,Hip,CompShg,CemntBd,CmentBd,Stone,186.0,Gd,TA,PConc,Ex,TA,Gd,GLQ,1564.0,Unf,0.0,30.0,1594.0,GasA,Ex,Y,SBrkr,1646,0,0,1646,1.0,1.0,2,0,2,1,Gd,5,Typ,1,Gd,Attchd,2004.0,Fin,2.0,525.0,TA,TA,Y,128,53,0,0,155,0,,,,0,12,2006,WD,Normal,283725.175
1436,2897,20,RL,69.0,23580,Pave,,IR1,Lvl,AllPub,Inside,Mod,Mitchel,Norm,Norm,1Fam,1Story,6,6,1979,1979,Gable,CompShg,Plywood,Plywood,,0.0,TA,TA,CBlock,Gd,TA,Gd,GLQ,776.0,Unf,0.0,849.0,1625.0,GasA,TA,Y,SBrkr,1625,0,0,1625,0.0,1.0,2,0,3,1,Fa,6,Typ,1,TA,Attchd,1979.0,Fin,2.0,576.0,TA,TA,Y,136,28,0,0,0,0,,,,0,9,2006,WD,Normal,196236.15
1437,2898,90,RL,65.0,8385,Pave,,Reg,Lvl,AllPub,Inside,Gtl,Mitchel,Norm,Norm,Duplex,1Story,6,5,1978,1978,Gable,CompShg,Plywood,Plywood,,0.0,TA,TA,CBlock,TA,TA,Mn,Unf,0.0,Unf,0.0,1664.0,1664.0,GasA,TA,Y,SBrkr,1664,0,0,1664,0.0,0.0,2,0,4,2,TA,10,Typ,0,,2Types,1978.0,Unf,2.0,616.0,TA,TA,Y,0,0,0,0,0,0,,,,0,10,2006,WD,Normal,148724.365
1438,2899,20,RL,70.0,9116,Pave,,Reg,Lvl,AllPub,Corner,Gtl,Mitchel,Norm,Norm,1Fam,1Story,8,5,2001,2001,Hip,CompShg,VinylSd,VinylSd,,0.0,Gd,TA,PConc,Ex,TA,No,Unf,0.0,Unf,0.0,1491.0,1491.0,GasA,Ex,Y,SBrkr,1491,0,0,1491,0.0,0.0,2,0,3,1,Gd,7,Typ,0,,Attchd,2001.0,RFn,2.0,490.0,TA,TA,Y,120,100,0,0,0,0,,,,0,5,2006,WD,Normal,223929.93
1439,2900,80,RL,140.0,11080,Pave,,Reg,Lvl,AllPub,Corner,Gtl,Mitchel,Norm,Norm,1Fam,SLvl,6,6,1975,1975,Gable,CompShg,Plywood,Plywood,BrkFace,257.0,TA,TA,CBlock,TA,TA,Av,GLQ,576.0,Unf,0.0,552.0,1128.0,GasA,TA,Y,SBrkr,1210,0,0,1210,1.0,0.0,2,0,3,1,TA,6,Typ,0,,Attchd,1975.0,Unf,2.0,528.0,TA,TA,Y,0,0,0,0,0,0,,,,0,5,2006,WD,Normal,156827.795
1440,2901,20,RL,,50102,Pave,,IR1,Low,AllPub,Inside,Mod,Timber,Norm,Norm,1Fam,1Story,6,5,1958,1958,Gable,Tar&Grv,Plywood,Plywood,,0.0,TA,TA,CBlock,Gd,TA,Gd,BLQ,909.0,Unf,0.0,723.0,1632.0,GasA,TA,Y,SBrkr,1650,0,0,1650,1.0,0.0,1,0,2,1,TA,6,Typ,2,Gd,Attchd,1958.0,Unf,2.0,518.0,TA,TA,Y,0,0,0,0,138,0,,,,0,3,2006,WD,Alloca,191018.97
1441,2902,20,RL,,8098,Pave,,IR1,Lvl,AllPub,Inside,Gtl,Timber,Norm,Norm,1Fam,1Story,6,5,2000,2000,Gable,CompShg,VinylSd,VinylSd,,0.0,Gd,TA,Wood,Gd,TA,Av,GLQ,1136.0,BLQ,116.0,129.0,1381.0,GasA,Ex,Y,SBrkr,1403,0,0,1403,1.0,0.0,2,0,2,1,Gd,5,Typ,0,,Attchd,2000.0,Unf,2.0,470.0,TA,TA,Y,0,173,0,0,0,0,,,,0,10,2006,WD,Normal,187629.145
1442,2903,20,RL,95.0,13618,Pave,,Reg,Lvl,AllPub,Corner,Gtl,Timber,Norm,Norm,1Fam,1Story,8,5,2005,2006,Gable,CompShg,VinylSd,VinylSd,Stone,198.0,Gd,TA,PConc,Ex,Gd,Av,GLQ,1350.0,Unf,0.0,378.0,1728.0,GasA,Ex,Y,SBrkr,1960,0,0,1960,1.0,0.0,2,0,3,1,Gd,8,Typ,2,Gd,Attchd,2005.0,Fin,3.0,714.0,TA,TA,Y,172,38,0,0,0,0,,,,0,11,2006,New,Partial,329354.85
1443,2904,20,RL,88.0,11577,Pave,,Reg,Lvl,AllPub,Inside,Gtl,Timber,Norm,Norm,1Fam,1Story,9,5,2005,2006,Hip,CompShg,VinylSd,VinylSd,BrkFace,382.0,Ex,TA,PConc,Gd,TA,Gd,GLQ,1455.0,Unf,0.0,383.0,1838.0,GasA,Ex,Y,SBrkr,1838,0,0,1838,1.0,0.0,2,0,3,1,Ex,9,Typ,1,Gd,Attchd,2005.0,Fin,3.0,682.0,TA,TA,Y,161,225,0,0,0,0,,,,0,9,2006,New,Partial,336205.385
1444,2905,20,,125.0,31250,Pave,,Reg,Lvl,AllPub,Inside,Gtl,Mitchel,Artery,Norm,1Fam,1Story,1,3,1951,1951,Gable,CompShg,CBlock,VinylSd,,0.0,TA,Fa,CBlock,,,,,0.0,,0.0,0.0,0.0,GasA,TA,Y,FuseA,1600,0,0,1600,0.0,0.0,1,1,3,1,TA,6,Mod,0,,Attchd,1951.0,Unf,1.0,270.0,Fa,TA,N,0,0,135,0,0,0,,,,0,5,2006,WD,Normal,121425.395
1445,2906,90,RM,78.0,7020,Pave,,Reg,Lvl,AllPub,Inside,Gtl,Mitchel,Norm,Norm,Duplex,SFoyer,7,5,1997,1997,Gable,CompShg,MetalSd,MetalSd,BrkFace,200.0,TA,Gd,PConc,Gd,TA,Gd,GLQ,1243.0,Unf,0.0,45.0,1288.0,GasA,Gd,Y,SBrkr,1368,0,0,1368,2.0,0.0,2,0,2,2,TA,8,Typ,0,,Attchd,1997.0,Fin,4.0,784.0,TA,TA,Y,0,48,0,0,0,0,,,,0,11,2006,WD,Normal,203566.4
1446,2907,160,RM,41.0,2665,Pave,,Reg,Lvl,AllPub,Inside,Gtl,MeadowV,Norm,Norm,TwnhsE,2Story,5,6,1977,1977,Gable,CompShg,CemntBd,CmentBd,,0.0,TA,TA,PConc,Gd,TA,Mn,Unf,0.0,Unf,0.0,264.0,264.0,GasA,TA,Y,SBrkr,616,688,0,1304,0.0,0.0,1,1,3,1,TA,5,Typ,1,TA,BuiltIn,1977.0,RFn,1.0,336.0,TA,TA,Y,141,0,0,0,0,0,,,,0,5,2006,WD,Normal,126679.81
1447,2908,20,RL,58.0,10172,Pave,,IR1,Lvl,AllPub,Inside,Gtl,Mitchel,Norm,Norm,1Fam,1Story,5,7,1968,2003,Gable,CompShg,Plywood,Plywood,,0.0,TA,TA,CBlock,TA,TA,No,ALQ,441.0,Unf,0.0,423.0,864.0,GasA,Ex,Y,SBrkr,874,0,0,874,1.0,0.0,1,0,3,1,TA,5,Typ,0,,Attchd,1968.0,RFn,1.0,288.0,TA,TA,Y,0,120,0,0,0,0,,,,0,10,2006,WD,Normal,131395.67
1448,2909,90,RL,,11836,Pave,,IR1,Lvl,AllPub,Corner,Gtl,Mitchel,Norm,Norm,Duplex,1Story,5,5,1970,1970,Gable,CompShg,Plywood,Plywood,,0.0,TA,TA,CBlock,TA,TA,No,BLQ,149.0,Unf,0.0,1503.0,1652.0,GasA,TA,Y,SBrkr,1652,0,0,1652,0.0,0.0,2,0,4,2,TA,8,Typ,0,,2Types,1970.0,Unf,3.0,928.0,TA,TA,Y,0,0,0,0,0,0,,,,0,3,2006,WD,Normal,150522.25
1449,2910,180,RM,21.0,1470,Pave,,Reg,Lvl,AllPub,Inside,Gtl,MeadowV,Norm,Norm,Twnhs,SFoyer,4,6,1970,1970,Gable,CompShg,CemntBd,CmentBd,,0.0,TA,TA,CBlock,Gd,TA,Av,GLQ,522.0,Unf,0.0,108.0,630.0,GasA,TA,Y,SBrkr,630,0,0,630,1.0,0.0,1,0,1,1,TA,3,Typ,0,,,,,0.0,0.0,,,Y,0,0,0,0,0,0,,,,0,4,2006,WD,Normal,85685.0
1450,2911,160,RM,21.0,1484,Pave,,Reg,Lvl,AllPub,Inside,Gtl,MeadowV,Norm,Norm,TwnhsE,2Story,4,4,1972,1972,Gable,CompShg,CemntBd,CmentBd,,0.0,TA,TA,CBlock,TA,TA,No,Rec,252.0,Unf,0.0,294.0,546.0,GasA,TA,Y,SBrkr,546,546,0,1092,0.0,0.0,1,1,3,1,TA,5,Typ,0,,Attchd,1972.0,Unf,1.0,253.0,TA,Fa,Y,0,0,0,0,0,0,,,,0,5,2006,WD,Normal,92001.27
1451,2912,20,RL,80.0,13384,Pave,,Reg,Lvl,AllPub,Inside,Mod,Mitchel,Norm,Norm,1Fam,1Story,5,5,1969,1979,Gable,CompShg,Plywood,Plywood,BrkFace,194.0,TA,TA,PConc,TA,TA,Av,Rec,119.0,BLQ,344.0,641.0,1104.0,GasA,Fa,Y,SBrkr,1360,0,0,1360,1.0,0.0,1,0,3,1,TA,8,Typ,1,TA,Attchd,1969.0,RFn,1.0,336.0,TA,TA,Y,160,0,0,0,0,0,,,,0,5,2006,WD,Normal,153254.06
1452,2913,160,RM,21.0,1533,Pave,,Reg,Lvl,AllPub,Inside,Gtl,MeadowV,Norm,Norm,Twnhs,2Story,4,5,1970,1970,Gable,CompShg,CemntBd,CmentBd,,0.0,TA,TA,CBlock,TA,TA,No,Rec,408.0,Unf,0.0,138.0,546.0,GasA,TA,Y,SBrkr,546,546,0,1092,0.0,0.0,1,1,3,1,TA,5,Typ,0,,CarPort,1970.0,Unf,1.0,286.0,TA,TA,Y,0,0,0,0,0,0,,,,0,12,2006,WD,Abnorml,95697.185
1453,2914,160,RM,21.0,1526,Pave,,Reg,Lvl,AllPub,Inside,Gtl,MeadowV,Norm,Norm,Twnhs,2Story,4,5,1970,1970,Gable,CompShg,CemntBd,CmentBd,,0.0,TA,TA,CBlock,TA,TA,No,Unf,0.0,Unf,0.0,546.0,546.0,GasA,TA,Y,SBrkr,546,546,0,1092,0.0,0.0,1,1,3,1,TA,5,Typ,0,,,,,0.0,0.0,,,Y,0,34,0,0,0,0,,GdPrv,,0,6,2006,WD,Normal,91851.0
1454,2915,160,RM,21.0,1936,Pave,,Reg,Lvl,AllPub,Inside,Gtl,MeadowV,Norm,Norm,Twnhs,2Story,4,7,1970,1970,Gable,CompShg,CemntBd,CmentBd,,0.0,TA,TA,CBlock,TA,TA,No,Unf,0.0,Unf,0.0,546.0,546.0,GasA,Gd,Y,SBrkr,546,546,0,1092,0.0,0.0,1,1,3,1,TA,5,Typ,0,,,,,0.0,0.0,,,Y,0,0,0,0,0,0,,,,0,6,2006,WD,Normal,92015.5
1455,2916,160,RM,21.0,1894,Pave,,Reg,Lvl,AllPub,Inside,Gtl,MeadowV,Norm,Norm,TwnhsE,2Story,4,5,1970,1970,Gable,CompShg,CemntBd,CmentBd,,0.0,TA,TA,CBlock,TA,TA,No,Rec,252.0,Unf,0.0,294.0,546.0,GasA,TA,Y,SBrkr,546,546,0,1092,0.0,0.0,1,1,3,1,TA,6,Typ,0,,CarPort,1970.0,Unf,1.0,286.0,TA,TA,Y,0,24,0,0,0,0,,,,0,4,2006,WD,Abnorml,94866.0
1456,2917,20,RL,160.0,20000,Pave,,Reg,Lvl,AllPub,Inside,Gtl,Mitchel,Norm,Norm,1Fam,1Story,5,7,1960,1996,Gable,CompShg,VinylSd,VinylSd,,0.0,TA,TA,CBlock,TA,TA,No,ALQ,1224.0,Unf,0.0,0.0,1224.0,GasA,Ex,Y,SBrkr,1224,0,0,1224,1.0,0.0,1,0,4,1,TA,7,Typ,1,TA,Detchd,1960.0,Unf,2.0,576.0,TA,TA,Y,474,0,0,0,0,0,,,,0,9,2006,WD,Abnorml,165863.155
1457,2918,85,RL,62.0,10441,Pave,,Reg,Lvl,AllPub,Inside,Gtl,Mitchel,Norm,Norm,1Fam,SFoyer,5,5,1992,1992,Gable,CompShg,HdBoard,Wd Shng,,0.0,TA,TA,PConc,Gd,TA,Av,GLQ,337.0,Unf,0.0,575.0,912.0,GasA,TA,Y,SBrkr,970,0,0,970,0.0,1.0,1,0,3,1,TA,6,Typ,0,,,,,0.0,0.0,,,Y,80,32,0,0,0,0,,MnPrv,Shed,700,7,2006,WD,Normal,119340.0
1458,2919,60,RL,74.0,9627,Pave,,Reg,Lvl,AllPub,Inside,Mod,Mitchel,Norm,Norm,1Fam,2Story,7,5,1993,1994,Gable,CompShg,HdBoard,HdBoard,BrkFace,94.0,TA,TA,PConc,Gd,TA,Av,LwQ,758.0,Unf,0.0,238.0,996.0,GasA,Ex,Y,SBrkr,996,1004,0,2000,0.0,0.0,2,1,3,1,TA,9,Typ,1,TA,Attchd,1993.0,Fin,3.0,650.0,TA,TA,Y,190,48,0,0,0,0,,,,0,11,2006,WD,Normal,230484.275
